1.482852735288030921e+01,4.547827199512152418e+01
1.007745737369446104e+01,9.846866735684776017e+01
5.345978071140707755e+01,3.499013789670256003e+00
1.798451472733506762e+01,3.091737063928951201e+01
2.189165548384075066e+01,2.086617234917850539e+01
3.503674851977950055e+01,8.146150099540591327e+00
1.117278561975190065e+01,8.010821754705600029e+01
1.705220008882275451e+01,3.439055305710101607e+01
1.536136030566235355e+01,4.237801871378395191e+01
2.802490851817855599e+01,1.273243866617357511e+01
1.665408947333249401e+01,3.605439503978049487e+01
1.315256111264570649e+01,5.780685514786319601e+01
3.584388793755982050e+01,7.783407674497931694e+00
2.956064593737451318e+01,1.144385010323382446e+01
2.545083300581592667e+01,1.543817633971143444e+01
1.776532093144371061e+01,3.168501266844742403e+01
1.959691081880611208e+01,2.603902793394473747e+01
1.834921175220631895e+01,2.970059672585326283e+01
1.559209054520358073e+01,4.113308696517792384e+01
1.237703153849228954e+01,6.527802478141771303e+01
1.313044476560277474e+01,5.800175382763910648e+01
1.549989561304469099e+01,4.162386969492709454e+01
1.216819299559383616e+01,6.753794178563163086e+01
2.261973666184261589e+01,1.954451558606212203e+01
2.401106265014135488e+01,1.734511717889130367e+01
3.361160030630060902e+01,8.851596717330274089e+00
1.330654102663870830e+01,5.647674329340478749e+01
2.276375069795468065e+01,1.929800251261165300e+01
2.276765148824180685e+01,1.929139041103910301e+01
1.481381263717246632e+01,4.556866495759617663e+01
2.417962641118657174e+01,1.710412363166833671e+01
1.408553674187887061e+01,5.040262999177497250e+01
1.535863342955568456e+01,4.239306821227317812e+01
1.797843197960037998e+01,3.093829508704829578e+01
1.476730930808671971e+01,4.585611491474753620e+01
1.492872509997168606e+01,4.486984384545356619e+01
2.474028968725922439e+01,1.633768201221283434e+01
1.443370794220412812e+01,4.800032449121457745e+01
3.332628439979717427e+01,9.003807631855426763e+00
2.990596904941729761e+01,1.118109251585044639e+01
1.664061675176650112e+01,3.611280002221168672e+01
4.000906318222222779e+01,6.247168717857862319e+00
1.576470115399078153e+01,4.023727073980773383e+01
1.144847301245826721e+01,7.629654477069141194e+01
1.151032861485499659e+01,7.547872485668008835e+01
2.580584290004734882e+01,1.501633339087196894e+01
4.160084836351097692e+01,5.778240653547835670e+00
2.917537455077006214e+01,1.174808606985275006e+01
1.399467621167253917e+01,5.105923342994259428e+01
1.647967143482926389e+01,3.682162092645516083e+01
1.694401280694257395e+01,3.483112148142932085e+01
1.218409014011672653e+01,6.736181702262298643e+01
7.778196378383248089e+01,1.652883303085967537e+00
1.113180594569040771e+01,8.069911019926864526e+01
1.854321599570597812e+01,2.908237604991136394e+01
2.072726443514610395e+01,2.327641136008643130e+01
1.329472137132011866e+01,5.657720908827966610e+01
3.032272613479354106e+01,1.087585760740779151e+01
1.077957986549377978e+01,8.605900705884734236e+01
1.538830271064993127e+01,4.222975464054196948e+01
1.185165351446356397e+01,7.119378904590529089e+01
5.587329986617102406e+01,3.203253852003888458e+00
4.372647714738219804e+01,5.230112382846094476e+00
1.093496881543877386e+01,8.363054024793812857e+01
5.384338852986109458e+01,3.449333869850637058e+00
1.310440540732038350e+01,5.823248982296043863e+01
9.019687376567901538e+01,1.229184371559206124e+00
3.006721242890646195e+01,1.106149094353213158e+01
2.881258370437853600e+01,1.204579841870817525e+01
1.165088289319644943e+01,7.366858461793870561e+01
2.625145007983620005e+01,1.451086841731832955e+01
3.400785745779436553e+01,8.646522117430468057e+00
8.399036732226606716e+01,1.417558657776038844e+00
2.761464482651543051e+01,1.311357415366966883e+01
1.134180185887510639e+01,7.773845198160347536e+01
1.707078270999505420e+01,3.431572124673797930e+01
7.732574881334640793e+01,1.672444564163462211e+00
5.607194279201657139e+01,3.180598078473657164e+00
2.964768376711381848e+01,1.137675644310884060e+01
1.259404097853055404e+01,6.304777953254963307e+01
3.611815078269910373e+01,7.665650005459874627e+00
8.791085260872372942e+01,1.293942613609863512e+00
1.007791983210070974e+01,9.845963044865489167e+01
1.043296868864028681e+01,9.187221603213751564e+01
1.514451740464932428e+01,4.360026437674279975e+01
3.469359307441698093e+01,8.308094723385154978e+00
1.593856204467754090e+01,3.936422679034668448e+01
3.210807316669374956e+01,9.699995037449303581e+00
1.446475730675050819e+01,4.779447520488152890e+01
7.465167727071684567e+01,1.794406609436913103e+00
1.312934081959647159e+01,5.801150808679150828e+01
1.106665653444485642e+01,8.165205835518982269e+01
1.213893527186406374e+01,6.786389916503837583e+01
3.125725274870376325e+01,1.023524849282487992e+01
5.677242168133207656e+01,3.102595514425477763e+00
1.029560622830831029e+01,9.434006087033321819e+01
1.949911542928054686e+01,2.630087393492874170e+01
1.298026048990351988e+01,5.935170287398549505e+01
1.051812390360016813e+01,9.039063451052940934e+01
3.003787188353694049e+01,1.108311089623910028e+01
1.524121406168650239e+01,4.304878261705274411e+01
2.486837090848737120e+01,1.616982529400746671e+01
2.775900127965025632e+01,1.297753850676260789e+01
3.021357666952826193e+01,1.095457971973006650e+01
4.742086244687401120e+01,4.446938296917592126e+00
2.322187481228749917e+01,1.854408635623891399e+01
2.390589783659023126e+01,1.749805920445003693e+01
1.054483652817019212e+01,8.993325184153553664e+01
3.076160262019561031e+01,1.056773914928575486e+01
1.563715862224615982e+01,4.089632813180350013e+01
1.738107331560408753e+01,3.310143465643072602e+01
2.781841288278129198e+01,1.292216561088167204e+01
5.332176298403038572e+01,3.517150884376904596e+00
3.238852264622584443e+01,9.532739438180112046e+00
2.543912354820987076e+01,1.545239178823071136e+01
1.724467768308270621e+01,3.362713265047945299e+01
1.386813275252578670e+01,5.199529175266861358e+01
1.520084707695265358e+01,4.327772471531410758e+01
4.659062118319930335e+01,4.606838613154611295e+00
1.116598138387745465e+01,8.020587869580742790e+01
1.530205841425126145e+01,4.270712036107658349e+01
1.728697694496883130e+01,3.346277046429450763e+01
1.604174449753473297e+01,3.885946438006806858e+01
2.872841437464524361e+01,1.211648606773738379e+01
1.902671962042591502e+01,2.762308394112824317e+01
1.328015387321105756e+01,5.670140048483055750e+01
7.786542472354308586e+01,1.649341878585419696e+00
2.257122416541258048e+01,1.962862021166623805e+01
2.817517537515438875e+01,1.259698882397842645e+01
1.000000000000000000e+01,1.000000000000000000e+02
3.037642395888019564e+01,1.083744007026787770e+01
9.131185100772970031e+01,1.199349357609055255e+00
2.390294771868470391e+01,1.750237871549517621e+01
3.908396113750731615e+01,6.546404767397944191e+00
1.745107674293619127e+01,3.283640043969652567e+01
1.091306015454184397e+01,8.396666453995381119e+01
1.000000000000000000e+02,1.000000000000000000e+00
1.246630131820967158e+01,6.434647496108689779e+01
3.726199122127182761e+01,7.202244848701837121e+00
1.251420244338942389e+01,6.385481446524276805e+01
1.676354737291278241e+01,3.558509649666606123e+01
4.940809909528450561e+01,4.096412750684234716e+00
2.252641163137770164e+01,1.970679361473834845e+01
5.420122700915546687e+01,3.403938959324005253e+00
2.123505177876932493e+01,2.217651769823914165e+01
1.743668683560030885e+01,3.289062034264253498e+01
5.001384082023491828e+01,3.997786387951005604e+00
2.318462510818516975e+01,1.860372213938728336e+01
1.084827332895809171e+01,8.497257162983386536e+01
1.590484735049077081e+01,3.953129026117959199e+01
2.980305205958509518e+01,1.125844776418116666e+01
3.099541530335951123e+01,1.040890585338586938e+01
3.246544414466423945e+01,9.487620454777967893e+00
4.502283635888112201e+01,4.933263322397538175e+00
1.124137180294171401e+01,7.913368242143789644e+01
1.702855449668665599e+01,3.448612776712647587e+01
1.186511168649036208e+01,7.103237550096218911e+01
3.413003982054147656e+01,8.584725441737560914e+00
2.274425591207637254e+01,1.933109848716926393e+01
2.726374534537391980e+01,1.345330433608628695e+01
3.065457652843472047e+01,1.064165948044453636e+01
1.282445144525613934e+01,6.080263557413855580e+01
2.411531347112736512e+01,1.719547498746633352e+01
1.094546087811500357e+01,8.347028453556876570e+01
2.630860920748050802e+01,1.444788313756834697e+01
1.496447707843405972e+01,4.465570079403953940e+01
2.664749731524909393e+01,1.408273949647125534e+01
1.397804265614391994e+01,5.118082440477471806e+01
4.614000989452717505e+01,4.697260364502986896e+00
1.575790424530921641e+01,4.027198957462515239e+01
1.020969092625125541e+01,9.593449855568323414e+01
8.029358409849783129e+01,1.551094692300531763e+00
2.574126390599055370e+01,1.509177305357545507e+01
2.705685605223501256e+01,1.365983136141479370e+01
1.166433702981167464e+01,7.349873774473078925e+01
1.020114900458996843e+01,9.609522712851077131e+01
1.273327089822466540e+01,6.167654573410323593e+01
2.321788093790258500e+01,1.855046670780680529e+01
1.230627096841528179e+01,6.603087511427659706e+01
1.175778860510047963e+01,7.233503644863996840e+01
5.697023344502362363e+01,3.081087286049660090e+00
2.740886833101911080e+01,1.331121784196146685e+01
1.112729683326674035e+01,8.076452682176373798e+01
1.144214369662477004e+01,7.638097623792005209e+01
3.969023193236736802e+01,6.347938732967848274e+00
4.098005603929538410e+01,5.954631686249830302e+00
4.170700322922607484e+01,5.748863920673199956e+00
1.909718602730292503e+01,2.741960806876722145e+01
1.213033034758927364e+01,6.796021489931831638e+01
2.749412524785797274e+01,1.322879195570486566e+01
2.275041133776373670e+01,1.932063933185022009e+01
1.021787219065175734e+01,9.578093404256127030e+01
3.073671651507881464e+01,1.058485850115825500e+01
1.308643678671201194e+01,5.839251441879296323e+01
9.111617802607950978e+01,1.204506120307877071e+00
2.467531153205471028e+01,1.642384021093821644e+01
1.913881292791571553e+01,2.730046253560141167e+01
3.918521473937903465e+01,6.512616989206256868e+00
3.124939042637565478e+01,1.024039950185965075e+01
2.811810885682985628e+01,1.264817261996050313e+01
1.211380581229006204e+01,6.814575145841335768e+01
1.915106305772473405e+01,2.726554778991356542e+01
1.444039437937752446e+01,4.795588292826966637e+01
1.244071333369453214e+01,6.461144205949457842e+01
1.663694178929472756e+01,3.612875582035466238e+01
5.824299872911660003e+01,2.947898632369706728e+00
2.853431763388342546e+01,1.228188473729401942e+01
1.406949279952975651e+01,5.051764735188125144e+01
1.431230550044801397e+01,4.881809232468235393e+01
2.918215074217923544e+01,1.174263081481909055e+01
9.291601708589118402e+01,1.158294061253803298e+00
1.049781202413157111e+01,9.074076078090382680e+01
5.413386762080838110e+01,3.412415349750960392e+00
2.830789632605904771e+01,1.247914431730596618e+01
1.143784938416524177e+01,7.643834110451641095e+01
3.003362835021623312e+01,1.108624304347385170e+01
1.014795312694952933e+01,9.710533589992047609e+01
2.216044430669320064e+01,2.036306149980594071e+01
1.429410560918856099e+01,4.894248620069990352e+01
1.797577815420217107e+01,3.094743081327756329e+01
1.407375142655440037e+01,5.048707934448158596e+01
3.778257256851848922e+01,7.005142104059142838e+00
1.775965517239291103e+01,3.170523246225651448e+01
1.418393972300603423e+01,4.970570591942150429e+01
1.231746137247758810e+01,6.591095161702092753e+01
1.030685847156910562e+01,9.413418672075142979e+01
2.415709191613193241e+01,1.713604904410160756e+01
1.001290345075729249e+01,9.974242962399756607e+01
2.632225921892200304e+01,1.443290246029207502e+01
1.806288116464659410e+01,3.064968042061376252e+01
2.963982964383458807e+01,1.138278659156175721e+01
1.006119338354555204e+01,9.878727525702248613e+01
3.116260581669757457e+01,1.029751581363597168e+01
1.673885587890316273e+01,3.569015711147245185e+01
1.016697139454331555e+01,9.674238652026714647e+01
1.065671392281844554e+01,8.805487100819452451e+01
2.771691118472324078e+01,1.301698305852744397e+01
2.829601514192481915e+01,1.248962622711324499e+01
2.396769551739342674e+01,1.740794245310361177e+01
1.098914959836933392e+01,8.280791099966880608e+01
1.295276746015853320e+01,5.960392540327199384e+01
1.072113323754126313e+01,8.699987196186435767e+01
3.240373128481694209e+01,9.523793186616467565e+00
1.763536267160075610e+01,3.215371879503972963e+01
1.967025072866929136e+01,2.584521852502203032e+01
1.235413972587544684e+01,6.552016495769468918e+01
4.108980125116736559e+01,5.922866157964262968e+00
1.361976660278643081e+01,5.390892472629060705e+01
1.152451823838788947e+01,7.529297212982579879e+01
4.013334514600112612e+01,6.208537089796172026e+00
2.375620583854036028e+01,1.771927060972160817e+01
5.379276699348302060e+01,3.455828896901337544e+00
1.284559602172757486e+01,6.060263117536279509e+01
1.066335614273771171e+01,8.794520616175570638e+01
3.417848655433849103e+01,8.560405631977078045e+00
4.617936514589193564e+01,4.689257522118611021e+00
1.779057833101757424e+01,3.159510969525496904e+01
7.559206357566009160e+01,1.750038477685342375e+00
1.359692303916895995e+01,5.409021668736344424e+01
2.972258667400961585e+01,1.131948831918802156e+01
3.763175810254162457e+01,7.061402762988649329e+00
1.555761585551616832e+01,4.131558556612851163e+01
5.744021600459252141e+01,3.030873923277435100e+00
6.882603619809357554e+01,2.111030377895417143e+00
1.105027735074517636e+01,8.189429394648043115e+01
4.608253436382491230e+01,4.708984801888995264e+00
1.038989553426413792e+01,9.263554013338782056e+01
6.964959697930967764e+01,2.061402433851168059e+00
2.479089222200647669e+01,1.627105396460772724e+01
1.577691778486188845e+01,4.017498055450609229e+01
1.006224352729843119e+01,9.876665651007027691e+01
2.955435439364629957e+01,1.144872296535255707e+01
1.096044750186568173e+01,8.324217660077064807e+01
2.939647466568214895e+01,1.157202857377387240e+01
2.389260936366402177e+01,1.751752858463038010e+01
1.309106794819871666e+01,5.835120727235072025e+01
1.890835129084477018e+01,2.797001346306499769e+01
1.568939533767337302e+01,4.062445869427775591e+01
5.128961929046488422e+01,3.801377931664204013e+00
9.036320276560701359e+01,1.224663486082927522e+00
1.878123189386962366e+01,2.834992080266905035e+01
1.142492614538968709e+01,7.661136447652447146e+01
1.725392697170069312e+01,3.359108941349702349e+01
1.934949688685579616e+01,2.670918556942359245e+01
1.768086868287719327e+01,3.198842097149652020e+01
1.896111666958763564e+01,2.781455902763400090e+01
1.449842202664133239e+01,4.757277940699329832e+01
2.629618919489347562e+01,1.446153418530252921e+01
2.082702996399484263e+01,2.305394837448481482e+01
2.556370811243044727e+01,1.530214453648990336e+01
2.352403103688072505e+01,1.807076393328696184e+01
1.338212993829452735e+01,5.584052785988074419e+01
2.221776712916185303e+01,2.025812184941356975e+01
3.254714325541323916e+01,9.440049011040530402e+00
1.492587396968974112e+01,4.488698749671613086e+01
2.156002891845291458e+01,2.151301707542411279e+01
1.834494787923327763e+01,2.971440480966630204e+01
1.238752350284409864e+01,6.516749346120556652e+01
5.326331303849814702e+01,3.524874402265506745e+00
2.921738701632142110e+01,1.171432458357881501e+01
2.099008932637799774e+01,2.269715515356285707e+01
1.327977698883247193e+01,5.670461893877697435e+01
1.254999025466699081e+01,6.349115430186351716e+01
2.085970216286428069e+01,2.298178691218117464e+01
2.624349717959197292e+01,1.451966457541285216e+01
1.050259783257688007e+01,9.065808238782069850e+01
4.125523709037332765e+01,5.875459342897544346e+00
7.843842601321451014e+01,1.625332649100835303e+00
5.108664953356716154e+01,3.831644057705975825e+00
2.706883238909411560e+01,1.364774672111446563e+01
2.568939458754179839e+01,1.515277801446850248e+01
1.853899950687253551e+01,2.909560647895606422e+01
1.112717044679634348e+01,8.076636153823505992e+01
9.604164808646670792e+01,1.084128576217379347e+00
1.927403997492612930e+01,2.691872521415639241e+01
2.697860328712102174e+01,1.373918830888290010e+01
1.436708137519059392e+01,4.844655462713357963e+01
1.938797682683549439e+01,2.660326962524242589e+01
1.495069582823189691e+01,4.473806418763372506e+01
7.454746066360968371e+01,1.799427241498140706e+00
8.784554513932997111e+01,1.295867253707863265e+00
3.271933304432041467e+01,9.340951459563180848e+00
2.111393753050284161e+01,2.243166628948955932e+01
7.800378426132938614e+01,1.643496013673932943e+00
2.005347770821123277e+01,2.486684004884233801e+01
3.513467303594880775e+01,8.100804799015591584e+00
2.214935637572963500e+01,2.038345403220174745e+01
1.158246809789190834e+01,7.454143938049867302e+01
2.679235575082598331e+01,1.393086865842928290e+01
1.344912960900818000e+01,5.528555098653813360e+01
1.926162907501878507e+01,2.695342562647618223e+01
2.813263204807363138e+01,1.263511700433300966e+01
2.487393039869943578e+01,1.616259797304658008e+01
1.429843339856149065e+01,4.891286327482212215e+01
1.721448049299227634e+01,3.374521179328875320e+01
2.135118387206822277e+01,2.193593137370243440e+01
2.468308799051243341e+01,1.641349311076600159e+01
1.173825262373315859e+01,7.257601130428723479e+01
1.684589264604991499e+01,3.523805609176007891e+01
1.472525618710076323e+01,4.611840527139867163e+01
1.871032146478880165e+01,2.856521528487570549e+01
5.500669288588180450e+01,3.304980716525225848e+00
1.066975593747259232e+01,8.783973749394910158e+01
1.426213957209626138e+01,4.916212373712296824e+01
3.493314705777351747e+01,8.194539929244813337e+00
5.412712474189029876e+01,3.413265605028111604e+00
2.461586328237194721e+01,1.650326440387135563e+01
6.798826460496648849e+01,2.163376401489847112e+00
2.533125076428663291e+01,1.558427960975836690e+01
3.774443434345142379e+01,7.019305710765886275e+00
2.135147438659528518e+01,2.193533444411725952e+01
1.408887809776877731e+01,5.037872558252840349e+01
2.154724713112111090e+01,2.153854760976336991e+01
2.086252180990189231e+01,2.297557518485876926e+01
1.600657538049296491e+01,3.903041343079755165e+01
4.736538721137817731e+01,4.457361073154837428e+00
3.297696574048847395e+01,9.195569134383958954e+00
1.047752966531263219e+01,9.109241199705400049e+01
2.434281656107502911e+01,1.687556597546761950e+01
2.711984617609740056e+01,1.359645082331196342e+01
3.811651627907372131e+01,6.882933895188073414e+00
1.841842498928829386e+01,2.947779678390618230e+01
1.535214960612537460e+01,4.242888433185286345e+01
1.259057031367429502e+01,6.308254330677623756e+01
1.573828195965353949e+01,4.037247336423961741e+01
3.737466392029629958e+01,7.158885359694984629e+00
2.757853116282607431e+01,1.314794068873334254e+01
8.026940926810283372e+01,1.552029122939305505e+00
1.326777296209774271e+01,5.680727244185099067e+01
2.575349406034912647e+01,1.507744250200552472e+01
2.632938270531541392e+01,1.442509379441250417e+01
7.273435125940652313e+01,1.890257025353303755e+00
3.649257156013915449e+01,7.509154904065678870e+00
2.614529762247948597e+01,1.462893870115027184e+01
5.479769797624057759e+01,3.330238760588995817e+00
1.101054348073257216e+01,8.248642612741312519e+01
1.353298976631228001e+01,5.460249568337129489e+01
3.777343867123055077e+01,7.008530304162157165e+00
4.041778066215415777e+01,6.121460824699590297e+00
1.032762509456307853e+01,9.375600030152951092e+01
1.849161976980582622e+01,2.924489661917245087e+01
3.266720113034897111e+01,9.370788740973564401e+00
4.095512492628191836e+01,5.961883564073861663e+00
1.189131811502068992e+01,7.071963411519516285e+01
2.972629323163110016e+01,1.131666565175243377e+01
1.313720067451044926e+01,5.794211344946373288e+01
4.220642986486867443e+01,5.613616813977161613e+00
2.740799233284586123e+01,1.331206874623174841e+01
3.990635145229119729e+01,6.279368266950976718e+00
2.556445533414196802e+01,1.530125001889679837e+01
3.405212684908965315e+01,8.624054947674052229e+00
2.151078344338674952e+01,2.161163100393060077e+01
1.424118702864647723e+01,4.930689106376645725e+01
1.309141241849773785e+01,5.834813655809485056e+01
1.446861230162370227e+01,4.776901002442932054e+01
3.478563772078592109e+01,8.264185572842771776e+00
4.674190311836316170e+01,4.577066456204809342e+00
4.661175346957973886e+01,4.602662371874140845e+00
1.825981185324613421e+01,2.999213645928083949e+01
1.526360700601805576e+01,4.292256318969880624e+01
1.474815822887315875e+01,4.597528427281529417e+01
2.782503033333588505e+01,1.291601994831812483e+01
4.360439968295580115e+01,5.259438442815197234e+00
1.158022940106862642e+01,7.457026295696110196e+01
1.494693554819965797e+01,4.476057700437335285e+01
3.786206649657153633e+01,6.975757460007283584e+00
7.068372414492064593e+01,2.001525619271937728e+00
2.258711196335311300e+01,1.960101633981921054e+01
2.266727667015361902e+01,1.946262025307164123e+01
2.036628918058308102e+01,2.410883296242130314e+01
1.052726746173109618e+01,9.023368341274556315e+01
2.341435565343962466e+01,1.824045126120633853e+01
1.917165906566291511e+01,2.720699680112178598e+01
1.936886775083760526e+01,2.665578840747065215e+01
6.561986553255280796e+01,2.322358851045506878e+00
1.148214821055508139e+01,7.584967131996486955e+01
4.258297414055622454e+01,5.514777797523040093e+00
3.582461251173203465e+01,7.791785649761167498e+00
1.216025020062952500e+01,6.762619905175475310e+01
2.566143930895240644e+01,1.518581052353898642e+01
1.695486049284730612e+01,3.478656597523695382e+01
3.877480469225726267e+01,6.651211561527935245e+00
1.816105834649670570e+01,3.031919684195769094e+01
1.352844201083635411e+01,5.463921248140079712e+01
1.977935936635907765e+01,2.556086565583538572e+01
3.032911072651614504e+01,1.087127912817817332e+01
1.357730669767769349e+01,5.424662748129949108e+01
1.340103829330641361e+01,5.568306130872724680e+01
1.680597791562215093e+01,3.540563786279566472e+01
1.284150918387958562e+01,6.064121114824295233e+01
3.018161423587450187e+01,1.097779388063347028e+01
2.082574613737378399e+01,2.305679083542014851e+01
2.210513148017663454e+01,2.046509642196810930e+01
3.109404271615214199e+01,1.034297841395192208e+01
1.062048047331517431e+01,8.865672216400807315e+01
1.351344592144897128e+01,5.476054780264524169e+01
3.579422072470495664e+01,7.805022804684528914e+00
2.970377127024739750e+01,1.133383317768298681e+01
1.943110497625641031e+01,2.648530654558377861e+01
1.983115109111439622e+01,2.542752870353878336e+01
3.658901701937187312e+01,7.469620122507320659e+00
1.249415509708710736e+01,6.405989381137491989e+01
2.669387618279198904e+01,1.403384632637425256e+01
1.051328704897824373e+01,9.047382579583846507e+01
2.800576431730830862e+01,1.274985191530615403e+01
2.045383438498611639e+01,2.390289643094674688e+01
2.451353839515055810e+01,1.664132845098246349e+01
2.472497255346161182e+01,1.635793068789418214e+01
2.223118921764644895e+01,2.023366753708965859e+01
5.756567809405191127e+01,3.017676983454792516e+00
2.438039846256232224e+01,1.682357937291789085e+01
2.460327446007051577e+01,1.652015726217855729e+01
1.277723056692746617e+01,6.125288327228563645e+01
4.117948614697269250e+01,5.897095404505966698e+00
1.746788943283828743e+01,3.277322136590930057e+01
1.787963703181513964e+01,3.128114229415458425e+01
3.252414180064535287e+01,9.453405959354562071e+00
1.304256751789043633e+01,5.878598679297007124e+01
1.167740884599063200e+01,7.333427930052748422e+01
3.210184683449219278e+01,9.703758138605415695e+00
5.612025008229678491e+01,3.175124833199681973e+00
2.120001245232552378e+01,2.224988486234745722e+01
2.291187330612334705e+01,1.904929036356592320e+01
1.226106113237895556e+01,6.651872012318119687e+01
2.739144562987183917e+01,1.332815678929551417e+01
1.901167961557944608e+01,2.766680607983951035e+01
3.185661676273987908e+01,9.853730907347966195e+00
2.915748718582561239e+01,1.176250478570620572e+01
1.023054639712699121e+01,9.554376286275449104e+01
1.909888323909626351e+01,2.741473502840530685e+01
3.052174279274568391e+01,1.073448821540299214e+01
1.437298566676615863e+01,4.840675999585283762e+01
1.486036254979878102e+01,4.528362547476809397e+01
1.156762425290261653e+01,7.473286874900236398e+01
2.468036704731376574e+01,1.641711239602153682e+01
7.826396707068678893e+01,1.632586813745852572e+00
1.020278155732069791e+01,9.606447708778755157e+01
2.546346213525259117e+01,1.542286637311322650e+01
2.278355217604852356e+01,1.926447280535133899e+01
1.319577847358087119e+01,5.742882990049503888e+01
3.413745392371773590e+01,8.580996919473166784e+00
4.666074311342467951e+01,4.593002670513694596e+00
1.915704706130424384e+01,2.724851680881223004e+01
2.728165975250518471e+01,1.343564200580290091e+01
1.123932049723088333e+01,7.916257067816478354e+01
3.082052441619754291e+01,1.052737157082050956e+01
3.288864736817843948e+01,9.245022560467626604e+00
1.375147177599973958e+01,5.288124074618742299e+01
2.711540940921550202e+01,1.360090063390512682e+01
2.705051972589945564e+01,1.366623148142703315e+01
3.305972581389524834e+01,9.149587299956960962e+00
1.065354241464893548e+01,8.810730583223288193e+01
2.637123320360558765e+01,1.437934558596961665e+01
1.061177416951910502e+01,8.880225654518348222e+01
2.196263391812623311e+01,2.073152046396091919e+01
1.324753873454258191e+01,5.698093928421766208e+01
2.263920218571836784e+01,1.951092070265185185e+01
2.160390729040006619e+01,2.142571827835833886e+01
2.464372280547129179e+01,1.646597188969339243e+01
3.234556861299584085e+01,9.558074685412258020e+00
1.266199946558064937e+01,6.237282552525259405e+01
8.086459229030533891e+01,1.529266579346409749e+00
1.761093242750994747e+01,3.224298925799952542e+01
1.812089461390678125e+01,3.045374666971760291e+01
1.359882692203906807e+01,5.407507211221692245e+01
2.081968121841394037e+01,2.307022600133408119e+01
1.521572421810943609e+01,4.319313668658539740e+01
4.035602934010452003e+01,6.140208829011804426e+00
2.025046933888408418e+01,2.438539605923035225e+01
1.147368212933505127e+01,7.596164694940183892e+01
1.846102010725310905e+01,2.934192545186597911e+01
2.416878611949849542e+01,1.711947030812999060e+01
2.006422520517355323e+01,2.484020710322804248e+01
1.922793146937733155e+01,2.704798200581257106e+01
1.311439105253148085e+01,5.814384405965589764e+01
1.381236524598461557e+01,5.241600194874539653e+01
1.653294293799764603e+01,3.658471417401496240e+01
1.066039909223820992e+01,8.799400254956488254e+01
1.029781471348765187e+01,9.429960058032740733e+01
5.329978176297092318e+01,3.520052480233358594e+00
5.873279203524738534e+01,2.898936526659660284e+00
1.492377136824096695e+01,4.489963659072130042e+01
2.110643045672594909e+01,2.244762598683864141e+01
1.681525533437543984e+01,3.536658019657861018e+01
1.194843143469784863e+01,7.004517239450562727e+01
2.680647891960566298e+01,1.391619338675987905e+01
1.801977059153311345e+01,3.079650868948427345e+01
2.678239671601221161e+01,1.394123097232463948e+01
1.815998456279107742e+01,3.032278244214754181e+01
8.957034165076254340e+01,1.246440461536376221e+00
1.887376538910768886e+01,2.807261667565212804e+01
2.052460139000222128e+01,2.373835045747580352e+01
3.388267835889867285e+01,8.710529054844579733e+00
2.898804313587984538e+01,1.190041761696798162e+01
9.072335607112347589e+01,1.214959455075124151e+00
4.272570076281741080e+01,5.477994741080585150e+00
1.727906218843212116e+01,3.349343304727584325e+01
2.514056217411457439e+01,1.582158651444364317e+01
3.801358063710411983e+01,6.920260475180810111e+00
1.353930007008903758e+01,5.455161003370557893e+01
1.488920941950367371e+01,4.510832732689222979e+01
1.420625232323961029e+01,4.954969115035667215e+01
1.640824604488302896e+01,3.714288900612373823e+01
2.379172375666858485e+01,1.766640501329771240e+01
2.162209991855281999e+01,2.138967865739932606e+01
2.882051506378907035e+01,1.203916936226917755e+01
1.882497882901149211e+01,2.821831044644727626e+01
3.519257251224373562e+01,8.074171535710931380e+00
3.692630411079800723e+01,7.333787398368166066e+00
1.171116461948668253e+01,7.291213721181418350e+01
1.110004398949491744e+01,8.116160003343851770e+01
3.108209238141962771e+01,1.035093320758065971e+01
2.244453330124645873e+01,1.985083782257806817e+01
3.132637476252119768e+01,1.019012993310967730e+01
4.535539523129349249e+01,4.861184320510558265e+00
3.324039830983584665e+01,9.050395572736013250e+00
1.239035108684652364e+01,6.513775329725129382e+01
3.001238036314747504e+01,1.110194614541291536e+01
2.235852288191390613e+01,2.000385892597914150e+01
1.061965996142031621e+01,8.867042254718084848e+01
1.718832610152092499e+01,3.384798584605350413e+01
1.406683782506071978e+01,5.053671854937628893e+01
1.269307427585788872e+01,6.206780073354445904e+01
1.791809856693618030e+01,3.114699530441275144e+01
3.976777474569444593e+01,6.323207295157700081e+00
1.932375197514498666e+01,2.678040193411899850e+01
3.530677668709743244e+01,8.022022183441338328e+00
1.234276704868048746e+01,6.564096169157066640e+01
4.244982490330894365e+01,5.549427648411581870e+00
1.154978979230020286e+01,7.496384255133290253e+01
2.668950837631665252e+01,1.403844005209671231e+01
2.304231289722966025e+01,1.883422960632958265e+01
2.107291613659896967e+01,2.251908407646751797e+01
1.376277943902081624e+01,5.279438073273026788e+01
2.140166905906958661e+01,2.183256248183437620e+01
1.308520709617976152e+01,5.840348988071025360e+01
4.764969888942332688e+01,4.404328248449596472e+00
3.455477296471991622e+01,8.374982577826951768e+00
3.231843742931147290e+01,9.574129343395368252e+00
5.514516851388862051e+01,3.288403211151339711e+00
2.278202931414356414e+01,1.926704835398823334e+01
2.156092378002817966e+01,2.151123136595765217e+01
1.838940681025299284e+01,2.957090113367222273e+01
2.772046826518263529e+01,1.301364260375030035e+01
2.049089294113714388e+01,2.381651602532007672e+01
1.127988087902005709e+01,7.859428608625177048e+01
5.105264380161269600e+01,3.836750208777265136e+00
1.765054553618620403e+01,3.209842581946148954e+01
1.387480527610060399e+01,5.194529373398686545e+01
4.538271735844584498e+01,4.855332845626533889e+00
2.383344682043798812e+01,1.760460519354806408e+01
3.935232452305884010e+01,6.457422728242296905e+00
2.405560876930486813e+01,1.728093736441622497e+01
2.551046569671567354e+01,1.536608483041853113e+01
4.542470943990382182e+01,4.846360139112510623e+00
3.379195217992646860e+01,8.757364697504891993e+00
2.056465666654919389e+01,2.364596669521563399e+01
1.222115843304421823e+01,6.695380320915029415e+01
5.654097722775236434e+01,3.128047788074770352e+00
1.240813176613197300e+01,6.495120407533410400e+01
1.293683616621313170e+01,5.975081639339806827e+01
3.401900879785912934e+01,8.640854432876681201e+00
8.701770545756369302e+01,1.320640906597337016e+00
2.103408415049696956e+01,2.260230785218830007e+01
3.906674170437128168e+01,6.552176951983412323e+00
1.486500408207787594e+01,4.525535066320941979e+01
2.528023169230697675e+01,1.564724563002620172e+01
2.421432220761669285e+01,1.705514303029415757e+01
1.775123660942605852e+01,3.173531214556592772e+01
3.006736378253881625e+01,1.106137958075141903e+01
1.923081027772376217e+01,2.703988456976590982e+01
1.774438363650322259e+01,3.175982956307417382e+01
1.189245882754194028e+01,7.070606805549731178e+01
2.840763994374783508e+01,1.239166575105506318e+01
3.402599004254167880e+01,8.637309041219287664e+00
3.775741287979541028e+01,7.014480980989351799e+00
2.181609929099508349e+01,2.101095520918879700e+01
2.950652471767729068e+01,1.148586949696665904e+01
1.007016227680067288e+01,9.861138574439495130e+01
2.680969695053597235e+01,1.391285280046794348e+01
2.764742740869516169e+01,1.308249408653054857e+01
5.352236904056769617e+01,3.490835176338103363e+00
2.192224405840108759e+01,2.080798294360614875e+01
1.142532213925632689e+01,7.660605397335667988e+01
3.390137937122969447e+01,8.700921729997180165e+00
1.882228345049757579e+01,2.822639283174961022e+01
1.360544096194222163e+01,5.402250964812230904e+01
1.094884463924782914e+01,8.341869920962567164e+01
1.312612311528495646e+01,5.803995315883635442e+01
1.315684130824240761e+01,5.776924970825022143e+01
4.168869324240318264e+01,5.753914917972112519e+00
3.041366756491956735e+01,1.081091395570209279e+01
1.424253816879763868e+01,4.929753636035236042e+01
1.361597622538467256e+01,5.393894293545600505e+01
4.025736302808290645e+01,6.170343647969252387e+00
1.532793364107372014e+01,4.256305349281700501e+01
1.128011334651808717e+01,7.859104668107582370e+01
6.229149926331830756e+01,2.577166232640160981e+00
3.136322552865070890e+01,1.016619786105604994e+01
2.805306198922239247e+01,1.270689546730583253e+01
1.355979216517009256e+01,5.438685351292823356e+01
6.044220445587378521e+01,2.737281163241989557e+00
1.844990118408635382e+01,2.937730221835073507e+01
1.026001835930915895e+01,9.499565119722538498e+01
1.961807570704315395e+01,2.598287402353296827e+01
2.907443779145198803e+01,1.182979854317163060e+01
3.356143104317560244e+01,8.878080093381829130e+00
1.161961634666938892e+01,7.406557900245670112e+01
1.829488599012819350e+01,2.987724753064601657e+01
1.214208461820958540e+01,6.782869940949429122e+01
2.152133790088440790e+01,2.159043872397414532e+01
1.454759696083996445e+01,4.725170446782765765e+01
2.066690479603049724e+01,2.341257180174378050e+01
2.211882492480893703e+01,2.043976497509798662e+01
1.294167442997255080e+01,5.970614888569360801e+01
7.852046649704108461e+01,1.621938033085921438e+00
2.165296838061121321e+01,2.132873589567937245e+01
7.047338015661402721e+01,2.013491475865371250e+00
1.036788455121358687e+01,9.302928751510445693e+01
1.665395164950561835e+01,3.605499179607789273e+01
1.524666433990882553e+01,4.301801052152427474e+01
3.433531921589760572e+01,8.482381890856091289e+00
1.412085162017800855e+01,5.015084107210231679e+01
2.076868839089169327e+01,2.318365254472373138e+01
1.229128126316058278e+01,6.619202786548426332e+01
1.156588772317174474e+01,7.475531157293232809e+01
1.277771889469368816e+01,6.124820154273062656e+01
1.567292265750961278e+01,4.070989845560184506e+01
4.741325068495763162e+01,4.448366241728790804e+00
1.076622161913447862e+01,8.627269587985762200e+01
1.374433860626832704e+01,5.293614462493051320e+01
5.100424717344939296e+01,3.844034851909944095e+00
1.449375298388076594e+01,4.760343469944826467e+01
1.236318572655162562e+01,6.542431933418086487e+01
1.071395734770481489e+01,8.711645084042419285e+01
1.697895473845187198e+01,3.468790720876366152e+01
1.121700716258860453e+01,7.947783085123288060e+01
1.152971636323762716e+01,7.522509638499846574e+01
2.701042052669418325e+01,1.370683889939032696e+01
1.025797582250254436e+01,9.503348545126094393e+01
7.082815054242884401e+01,1.993371279323057133e+00
2.340693858290475049e+01,1.825201297383496168e+01
1.423318883455617900e+01,4.936232163442568321e+01
2.875344904008449021e+01,1.209539641522316344e+01
3.404041279967353972e+01,8.629991420211053921e+00
5.754976946011237970e+01,3.019345582800885275e+00
1.053693884473186060e+01,9.006811653877096546e+01
1.854931417205979116e+01,2.906325725079552313e+01
1.225203981202735015e+01,6.661671321139266411e+01
1.858265695568956133e+01,2.895905465809746815e+01
1.735583398975367331e+01,3.319777867178613917e+01
1.163428726542013436e+01,7.387890233624034408e+01
3.362227778637444686e+01,8.845975578816709373e+00
1.272237348297614368e+01,6.178224971813264688e+01
1.291787919833989484e+01,5.992631353235448444e+01
2.681003825313511513e+01,1.391249857026861747e+01
2.819300499769948587e+01,1.258106086339980401e+01
2.900599180832757540e+01,1.188569440989703097e+01
1.528315905388124207e+01,4.281281007007270745e+01
1.328676458764704904e+01,5.664499194144687522e+01
1.615301929503956657e+01,3.832591890354465392e+01
1.393331249581373577e+01,5.150996382491288017e+01
1.308114927648621695e+01,5.843972944714362683e+01
1.317128016153641745e+01,5.764266147788875827e+01
1.818713445644070958e+01,3.023231785183175546e+01
2.285056680254839279e+01,1.915164336184555793e+01
6.906883049592293844e+01,2.096214859219964310e+00
2.385597446718144354e+01,1.757137217063886681e+01
1.067482923798047523e+01,8.775626421704895108e+01
1.467205735891665341e+01,4.645344935996529045e+01
1.215929687057621145e+01,6.763680371351607334e+01
2.786558853833200544e+01,1.287844892387624895e+01
2.956905842087847702e+01,1.143733941194793147e+01
1.178170420435880494e+01,7.204166972990209672e+01
1.120567137207526898e+01,7.963871362459120462e+01
1.099730327535887930e+01,8.268516478806752446e+01
1.090609223717656917e+01,8.407399165018308906e+01
1.106096164468021570e+01,8.173615939306502298e+01
1.081454948243817071e+01,8.550335101789542591e+01
3.078645157831971702e+01,1.055068675657317456e+01
2.295383813007512330e+01,1.897970118465863010e+01
1.470852131646288719e+01,4.622340897444972541e+01
1.068181754232975855e+01,8.764147722069036206e+01
1.936222478760858579e+01,2.667408215213393419e+01
1.376956176064445714e+01,5.274238484624547851e+01
1.626715888077239569e+01,3.778997313209956133e+01
2.942639716870072775e+01,1.154850629158307207e+01
5.350526576738018036e+01,3.493067265060501470e+00
2.357167862334183539e+01,1.799778160028272822e+01
3.348832322417726459e+01,8.916885592312906894e+00
1.773716750353364802e+01,3.178567695649210734e+01
2.096906849133906903e+01,2.274268433861342942e+01
4.503251355777852893e+01,4.931143296794508579e+00
7.845905872934632441e+01,1.624477920066698777e+00
3.241594391389413943e+01,9.516618405956430493e+00
2.460204569337279423e+01,1.652180752543490527e+01
1.344328637049025410e+01,5.533362209944771593e+01
2.322102176819123187e+01,1.854544884701176954e+01
1.082175951529630176e+01,8.538945519478488677e+01
4.459023906885862942e+01,5.029448881191425968e+00
1.182285218771341384e+01,7.154107802525282978e+01
2.183125588399042627e+01,2.098179115624132507e+01
1.196799573415396267e+01,6.981635135174703066e+01
8.496903988711748923e+01,1.385091863588406413e+00
1.826324930200864216e+01,2.998084747905433289e+01
3.042840564958292759e+01,1.080044389818356088e+01
6.939781427281657500e+01,2.076387546262875361e+00
8.378492026903336409e+01,1.424519106296479265e+00
1.015804159729054312e+01,9.691255113439507340e+01
2.165594027080127049e+01,2.132288232286380492e+01
1.973617959524952070e+01,2.567283461119829013e+01
1.165389104788570585e+01,7.363055819460478801e+01
3.289172308511231790e+01,9.243293630494404667e+00
1.759819486038754732e+01,3.228968107774779384e+01
1.416640479397561236e+01,4.982883178733025886e+01
2.020726244162872476e+01,2.448978859832801547e+01
1.218624201913441674e+01,6.733802926554528767e+01
1.319291572649215638e+01,5.745375571009642357e+01
2.071215914721441465e+01,2.331037451208396405e+01
2.808304323245674539e+01,1.267977838023954540e+01
6.567716540955916571e+01,2.318308346520073115e+00
2.014593107904732250e+01,2.463912678444825843e+01
3.936353253696590571e+01,6.453745996231967652e+00
2.253416287565537957e+01,1.969323856053661714e+01
2.471203943967091377e+01,1.637505710430915684e+01
1.248532088848084598e+01,6.415057929444228080e+01
1.218513721770343139e+01,6.735024062146045765e+01
2.576488120568322060e+01,1.506411807892769872e+01
1.203237824979190052e+01,6.907120745641408632e+01
2.200048499037809080e+01,2.066024610379201221e+01
4.311237746408794180e+01,5.380170687281473185e+00
4.184655404367997988e+01,5.710584976770590515e+00
1.229899080894496244e+01,6.610906975374240346e+01
1.107611305431693971e+01,8.151269273306353114e+01
1.151070688483670246e+01,7.547376410717565420e+01
1.045074698151499604e+01,9.155990498001145284e+01
1.197371453147563258e+01,6.974967693506015110e+01
2.382021620048625721e+01,1.762416710892763660e+01
2.286004873444202801e+01,1.913575915100634006e+01
2.385414130213254325e+01,1.757407295643664114e+01
1.148844140097528133e+01,7.576659552760679617e+01
1.134544310140122647e+01,7.768856073788177241e+01
1.272047615160512102e+01,6.180068144054377655e+01
2.340191576754746805e+01,1.825984877072966128e+01
4.346447968167198894e+01,5.293355109367699818e+00
1.109945007973104403e+01,8.117028586129129053e+01
1.812131281251841131e+01,3.045234107976367710e+01
2.788559827131473057e+01,1.285997330320199872e+01
1.463383245859761317e+01,4.669644757564963555e+01
2.961300083395417104e+01,1.140342110653657492e+01
4.410993108227693682e+01,5.139575397459185346e+00
2.342877717678190308e+01,1.821800244706543381e+01
3.932402436785185529e+01,6.466720445168844478e+00
1.122177895762766120e+01,7.941025310148999949e+01
3.074114135415985061e+01,1.058181157949412388e+01
3.192734680562545435e+01,9.810120467888951978e+00
1.217254616268662915e+01,6.748964435127948036e+01
1.732480759095051326e+01,3.331679065128000161e+01
4.961071080258021482e+01,4.063021318344466337e+00
1.050326235797065699e+01,9.064661115344556208e+01
2.844419094655339109e+01,1.235983944229247911e+01
1.214744494419671739e+01,6.776885082041211206e+01
8.836472599894706548e+01,1.280684430402676988e+00
1.225778815376460251e+01,6.655424748127812506e+01
1.006661577553759734e+01,9.868088020342477762e+01
2.108840506690818373e+01,2.248601676469883515e+01
4.533100129137655188e+01,4.866417619642359860e+00
1.355646947656030576e+01,5.441351719923236629e+01
1.568125678570425841e+01,4.066663771979892772e+01
1.312076191285221682e+01,5.808739362176554977e+01
1.754476935049508057e+01,3.248663085552782093e+01
1.551869773805258212e+01,4.152306960031632599e+01
1.808045644082097780e+01,3.059012276652381246e+01
1.631925445046983825e+01,3.754908616221942452e+01
2.238283969572203347e+01,1.996041797839006549e+01
1.137324269262743393e+01,7.730923695092657510e+01
2.071466960827752857e+01,2.330472477278246757e+01
2.295782596900788874e+01,1.897310810238593604e+01
1.308730677008002097e+01,5.838475135053730725e+01
3.590428175451481962e+01,7.757245092856723367e+00
7.566506549443241170e+01,1.746663220261995830e+00
2.225285824902450926e+01,2.019428109051467857e+01
1.752089845667770618e+01,3.257521229297104526e+01
2.987027639363054021e+01,1.120782955153918614e+01
1.264850013481694191e+01,6.250603352753022790e+01
1.075534853220824161e+01,8.644721829138423175e+01
1.352607374592752976e+01,5.465834759189291248e+01
1.165088878745334888e+01,7.366851007916982041e+01
6.162089316121817717e+01,2.633564881230532784e+00
1.499121931252316386e+01,4.449652387286656818e+01
2.717001613302338825e+01,1.354628496675571725e+01
1.084269953853932478e+01,8.505995596398906855e+01
1.130383462380904902e+01,7.826154364742139080e+01
2.338634259693230177e+01,1.828417565461830918e+01
2.263713074631511901e+01,1.951449160918895842e+01
1.201072983245834536e+01,6.932042293479962325e+01
1.184735709035906126e+01,7.124543502436516462e+01
1.343234733502340639e+01,5.542378399151694168e+01
3.066231549700961523e+01,1.063628838736318016e+01
5.021687318454929283e+01,3.965524754957419518e+00
2.569388065540560362e+01,1.514748722502477918e+01
1.799275805177891741e+01,3.088904774023069066e+01
1.084458485279610329e+01,8.503038345194640613e+01
1.068980245726161726e+01,8.751059577999060934e+01
3.562582467015022303e+01,7.878982711911351799e+00
1.162006436568942291e+01,7.405986782093708598e+01
1.034779900555897925e+01,9.339078612264094659e+01
1.505962767757410070e+01,4.409319107117191550e+01
1.226319579015979144e+01,6.649556427581747187e+01
1.073918237564638289e+01,8.670767967279438437e+01
1.505502289257981552e+01,4.412016820927061644e+01
2.093003758977150497e+01,2.282758577686243484e+01
1.079167483067855038e+01,8.586621077512272393e+01
3.861576835546756570e+01,6.706109473568196755e+00
1.579714499146450635e+01,4.007216357406863239e+01
1.272216485616075765e+01,6.178427603045238925e+01
1.004342942519414628e+01,9.913703725282866230e+01
1.120498914842167615e+01,7.964841163812070590e+01
1.260202606969935957e+01,6.296790622244432711e+01
5.356037552965180026e+01,3.485882734732479005e+00
1.413635415673729767e+01,5.004090622785628995e+01
1.520444254405571805e+01,4.325725895514021602e+01
1.264208438109521815e+01,6.256949222044164571e+01
1.016610088949378898e+01,9.675895498490531565e+01
1.278585941445513363e+01,6.117023518057237652e+01
1.556441256037608589e+01,4.127950986744571082e+01
1.462058525008729859e+01,4.678110599555754590e+01
1.337987343826966935e+01,5.585936432770113669e+01
1.172288194992175114e+01,7.276645483736496089e+01
1.951838194998125076e+01,2.624897657585535526e+01
3.086726203217568454e+01,1.049551570032872405e+01
4.308415719956843759e+01,5.387221054485996419e+00
1.649112283444691229e+01,3.677050097538170803e+01
4.291327989194761017e+01,5.430209454261942348e+00
3.857469455962797866e+01,6.720398220101801101e+00
3.007979560840225020e+01,1.105223824682701483e+01
1.909621852618667859e+01,2.742238654277811705e+01
5.945108048315304217e+01,2.829309748341708453e+00
1.076593578005985385e+01,8.627727707659265377e+01
4.580582319097347010e+01,4.766050231083809763e+00
3.342481692147070760e+01,8.950801493439611178e+00
1.248506489284954135e+01,6.415321002748983403e+01
1.285438225955896741e+01,6.051981316931631483e+01
6.179659541212696894e+01,2.618610482564191599e+00
8.834256109254569367e+01,1.281327151446637558e+00
2.119641843241770829e+01,2.225743078892696047e+01
2.331149311701003413e+01,1.840177928876521918e+01
3.265456503037384550e+01,9.378042436341354815e+00
3.500566850682302089e+01,8.160621746922018360e+00
1.174961701060414221e+01,7.243568621977809130e+01
1.195075529958510963e+01,7.001793400053904293e+01
1.214098187718400190e+01,6.784102145842912535e+01
1.193834707986804489e+01,7.016355707541572428e+01
1.302627770848096844e+01,5.893310653139212718e+01
1.074282403780685513e+01,8.664890433477830811e+01
1.191370599347700221e+01,7.045409542149629090e+01
2.211056048917957639e+01,2.045504768960457653e+01
1.578123417885347202e+01,4.015300669270188649e+01
2.260573386046074873e+01,1.956873623154221775e+01
2.340765135825723675e+01,1.825090142387998426e+01
2.307685198490660028e+01,1.877789347398662656e+01
5.042801835059954385e+01,3.932386491967981179e+00
1.897320616764729806e+01,2.777912411771687928e+01
6.578383632194011454e+01,2.310795997575981087e+00
2.604658631904940336e+01,1.474003025858809401e+01
2.928036032362582830e+01,1.166399074351829590e+01
2.381106748529100514e+01,1.763771286542504058e+01
1.502048318451063480e+01,4.432331078704424954e+01
1.234933847281994446e+01,6.557112154048935793e+01
1.016447694887459186e+01,9.678987509031998115e+01
1.126099583813904381e+01,7.885811726053508153e+01
1.226196073421366428e+01,6.650896015593603749e+01
1.466601197214800578e+01,4.649175383538306505e+01
2.003082322391224324e+01,2.492311971320740227e+01
6.566362585052888790e+01,2.319264495633899692e+00
1.238323356074969972e+01,6.521265342641738982e+01
1.163080844586068352e+01,7.392310387360026880e+01
1.422577449016458040e+01,4.941378943014477443e+01
1.661077576147006241e+01,3.624266869463184548e+01
2.695722844957735376e+01,1.376098501159062160e+01
1.206311397017943676e+01,6.871968151076053744e+01
7.670402610557015066e+01,1.699666363079086029e+00
4.010496003649421937e+01,6.217328639281060276e+00
1.323174066701464469e+01,5.711708556164195016e+01
9.463325429929180643e+01,1.116638120015264413e+00
4.842296014078654309e+01,4.264786850893606207e+00
4.196085463641645674e+01,5.679516293812075567e+00
1.194021758267026811e+01,7.014157575901487007e+01
2.272591393401699023e+01,1.936231515651591906e+01
1.124474618322914665e+01,7.908619587647591231e+01
1.145401465190863632e+01,7.622273559991967318e+01
3.043272471657384060e+01,1.079737847890286595e+01
3.684583244060384288e+01,7.365856511300500564e+00
5.481025819243784269e+01,3.328712632906760227e+00
1.103006148426941735e+01,8.219476031660832405e+01
1.573954912199110012e+01,4.036597299780763137e+01
8.567792727403268316e+01,1.362266563372118267e+00
1.125546904144244031e+01,7.893558000941133912e+01
1.089211047823970446e+01,8.428997490864959730e+01
1.165544036173467468e+01,7.361098462928676156e+01
1.221903504460781953e+01,6.697707530614327709e+01
1.065669390291106033e+01,8.805520185226951924e+01
2.142196514722203560e+01,2.179121186845065949e+01
1.496807187179416232e+01,4.463425397823755247e+01
1.993599961736709147e+01,2.516077225578229815e+01
2.311573510509525420e+01,1.871477378547732684e+01
1.236166771821330457e+01,6.544038848640929018e+01
1.104002319659240605e+01,8.204649411658618874e+01
1.281630872727580872e+01,6.087992085222807503e+01
1.414914993949386890e+01,4.995043817366802585e+01
4.972372934504461739e+01,4.044572384908687646e+00
1.266207220040264225e+01,6.237210895007282119e+01
3.182673242232345601e+01,9.872244306409562853e+00
6.952462713676193573e+01,2.068819795921620130e+00
1.004329700794528968e+01,9.913965144222542847e+01
1.236326470473145100e+01,6.542348345833792678e+01
1.946473594755046221e+01,2.639386352858988971e+01
3.123503419666542058e+01,1.024981503902774804e+01
1.287381358179622204e+01,6.033725770652630160e+01
3.096595842251884179e+01,1.042871856068169656e+01
2.527778099764424979e+01,1.565027979510725586e+01
1.294132403939712361e+01,5.970938205642872276e+01
1.072771979477901283e+01,8.689307317624529503e+01
1.920542236830558736e+01,2.711142060418901067e+01
6.431623324587395985e+01,2.417457217297042327e+00
1.077417763345296997e+01,8.614532961552947654e+01
1.403457750040377761e+01,5.076931617657901796e+01
3.626016856912531239e+01,7.605720515345689492e+00
1.096081977569654953e+01,8.323652221389939143e+01
7.993925302820876766e+01,1.564875634103856994e+00
1.398526618707698965e+01,5.112796723569164214e+01
1.006389410702470144e+01,9.873426171924853634e+01
4.858745975211085977e+01,4.235957676636251001e+00
7.129961322549327463e+01,1.967096438419837723e+00
1.120357013737165985e+01,7.966858898022852031e+01
1.591757203673321008e+01,3.946811200724212654e+01
1.182465977071844954e+01,7.151920736591985417e+01
1.289453830772247578e+01,6.014345965205856004e+01
2.580474749422425873e+01,1.501760829799277985e+01
2.303148524094920191e+01,1.885194261951020422e+01
5.190293438530495962e+01,3.712070162932034290e+00
1.453744185541379430e+01,4.731774272174209983e+01
3.581331600980676910e+01,7.796701910713833783e+00
4.206226624726494379e+01,5.652162819045766895e+00
1.338206655779992538e+01,5.584105680787850190e+01
2.062974999683108024e+01,2.349698123497859825e+01
1.666254750516523941e+01,3.601780137682144556e+01
2.388049327540310074e+01,1.753530859967406386e+01
3.314216638467769371e+01,9.104125030531893259e+00
1.347846447139684223e+01,5.504516319200073582e+01
1.529687346762859335e+01,4.273607682306419520e+01
7.828081004426192635e+01,1.631884351460630045e+00
1.527437077060475978e+01,4.286208991912050692e+01
1.145837713633274646e+01,7.616470692910192497e+01
1.308266522799453568e+01,5.842618684528414974e+01
1.176349643710697457e+01,7.226485730225377324e+01
1.404717630922000282e+01,5.067828776586547690e+01
9.282153411566154944e+01,1.160653314703343764e+00
1.201545862555060573e+01,6.926587030512106935e+01
9.889433525181672735e+01,1.022485525729770472e+00
4.997053554798805663e+01,4.004718482737398055e+00
2.470250681692563077e+01,1.638769771294794353e+01
1.348413305732426259e+01,5.499889211926025467e+01
3.092626647683439245e+01,1.045550496644843541e+01
3.169567098734355426e+01,9.954056461747677886e+00
2.223573846248947561e+01,2.022538910804260581e+01
1.058459548461441457e+01,8.925888754864318742e+01
1.580738650894290664e+01,4.002025533287378778e+01
1.132000453458825362e+01,7.803812000059926390e+01
1.204585211633689568e+01,6.891677492138927619e+01
5.599810623718904168e+01,3.188991192018711729e+00
1.814043256192467979e+01,3.038818226861138427e+01
1.525435199422032539e+01,4.297466233318915130e+01
1.573601702414141457e+01,4.038409608035598808e+01
1.305476536576164825e+01,5.867618358983573756e+01
3.651724517011878390e+01,7.499010909625252630e+00
1.998401624489527251e+01,2.504000734143717466e+01
2.406789495599558037e+01,1.726329871082743850e+01
1.341637093912566492e+01,5.555586136704889810e+01
1.129008366285797038e+01,7.845229986039927894e+01
1.174474670930787390e+01,7.249577380978347207e+01
1.170913885850769631e+01,7.293736798941773714e+01
2.802373764715687798e+01,1.273350264665302944e+01
1.113784830590896746e+01,8.061157429233152527e+01
1.791267181000092990e+01,3.116587052062815388e+01
1.780735766186340285e+01,3.153559552823490719e+01
2.137124646491094637e+01,2.189476530610555116e+01
2.502227510656660669e+01,1.597152592502680335e+01
6.222613814582696534e+01,2.582583085955600044e+00
2.872544769048179703e+01,1.211898891078522666e+01
2.306907569105712952e+01,1.879055518879821207e+01
1.546012265813126874e+01,4.183830962112370599e+01
1.198450371779107471e+01,6.962414757894730144e+01
1.141734178515414833e+01,7.671318172748196673e+01
1.343511554340400593e+01,5.540094700484252144e+01
1.014774795525002737e+01,9.710926257770039172e+01
1.243889846225634344e+01,6.463029742928857502e+01
1.198276015090843316e+01,6.964441055479639431e+01
4.011516019043797598e+01,6.214167258582537379e+00
1.278364622945843010e+01,6.119141736339004467e+01
8.750409543016544944e+01,1.306000191659542731e+00
1.185216509609387536e+01,7.118764322388315691e+01
1.182588191629945484e+01,7.150442582703313121e+01
3.238474003434310333e+01,9.534966459876279998e+00
1.336049329732694879e+01,5.602153611104461817e+01
1.452727769367528765e+01,4.738397859186659389e+01
5.936554384546419527e+01,2.837468824349185237e+00
1.623180795681303223e+01,3.795475640162516839e+01
7.290770387200258540e+01,1.881278785387700658e+00
1.240421679373696762e+01,6.499220985635180625e+01
1.618508203751239094e+01,3.817422156877125872e+01
6.418826518542125825e+01,2.427105886985342575e+00
2.308543091559196725e+01,1.876393971115961534e+01
1.252929970470944809e+01,6.370102262780321212e+01
1.101159131168534344e+01,8.247072853825771688e+01
1.100526204971134447e+01,8.256561568260440254e+01
1.105461216098563426e+01,8.183008063585675984e+01
1.709184802486732480e+01,3.423118667672117255e+01
1.479864465614831737e+01,4.566212471406239359e+01
2.040508554059260504e+01,2.401724346321907788e+01
2.832319579607004556e+01,1.246566612583379552e+01
2.212331391302187811e+01,2.043147104990832474e+01
1.242993695255734821e+01,6.472352297413503663e+01
3.096319259796596057e+01,1.043058175964102752e+01
1.053714194060936293e+01,9.006464457512475974e+01
6.171551479411343166e+01,2.625495559255966338e+00
1.085545211638443064e+01,8.486022286285653138e+01
1.503509800505321259e+01,4.423718399254521927e+01
1.158536153472765484e+01,7.450421067378017881e+01
1.228441032609451788e+01,6.626609384598562258e+01
1.823160992943250136e+01,3.008499607504502293e+01
1.116227169269829034e+01,8.025919911144696073e+01
1.267635776468451603e+01,6.223160822858628904e+01
2.552143610577959976e+01,1.535287742272023159e+01
6.010481485083406739e+01,2.768098070801384480e+00
6.026837729197352900e+01,2.753093767407171821e+00
2.966343547284952464e+01,1.136467721242579465e+01
2.808524208665239286e+01,1.267779300355138261e+01
5.821052528859326713e+01,2.951188591086076229e+00
1.384876184916696040e+01,5.214084991711307993e+01
3.353805537633177636e+01,8.890460260544632121e+00
1.222021669152534606e+01,6.696412309258479922e+01
2.627075174352932052e+01,1.448955338125793624e+01
4.674498070600697019e+01,4.576463787886141610e+00
2.493153365946824707e+01,1.608799824572423987e+01
1.567129638067966724e+01,4.071834817133888151e+01
1.252756164132371630e+01,6.371869950676567385e+01
9.322405286403200364e+01,1.150652116293609861e+00
6.296336388904078518e+01,2.522459225106388647e+00
1.244466081047064776e+01,6.457045874636132510e+01
2.485624798749305597e+01,1.618560187601910627e+01
4.634710908999910117e+01,4.655375318566558285e+00
1.407137896453298431e+01,5.050410522035042504e+01
1.197527614110943084e+01,6.973148701370541858e+01
1.212890887867080991e+01,6.797614526781840993e+01
2.052308514677946505e+01,2.374185816037004670e+01
8.525499324251929067e+01,1.375815986132400193e+00
1.490402428182179229e+01,4.501869495536196553e+01
1.561197896829341225e+01,4.102835313756532543e+01
1.324136886661518986e+01,5.703405264127642482e+01
1.211473169375779335e+01,6.813533563098485502e+01
9.237941038445791264e+01,1.171789569722919921e+00
2.015268166293352081e+01,2.462262271443617578e+01
2.250597253545527821e+01,1.974260383742241132e+01
1.010747696871076151e+01,9.788462450940801318e+01
2.296117500314166548e+01,1.896757380784945823e+01
3.216606908591646175e+01,9.665048089169593126e+00
1.135491300555722383e+01,7.755903153081115420e+01
1.264431516362038899e+01,6.254741643137897000e+01
1.444824022602164604e+01,4.790381397893483495e+01
1.298083842916303254e+01,5.934641802034542479e+01
1.177781343060665264e+01,7.208927519371303561e+01
2.659222488458380340e+01,1.414134280566477031e+01
1.596649978965123928e+01,3.922659041551550985e+01
3.121326346498111093e+01,1.026411817612712341e+01
3.005915307108837098e+01,1.106742327731430109e+01
1.225047989776664892e+01,6.663367956338852593e+01
1.954468516724076821e+01,2.617837242581529722e+01
1.286616865367946261e+01,6.040898240595736723e+01
1.221064050983990690e+01,6.706919736163651180e+01
7.069752674620882260e+01,2.000744161572872049e+00
4.575168583369092090e+01,4.777336111203639213e+00
3.403792892744226606e+01,8.631250990275656676e+00
3.523665323840307195e+01,8.053982744305210772e+00
1.175100032317046228e+01,7.241863315289614889e+01
1.568617231455967875e+01,4.064115454819621931e+01
1.314092578854871007e+01,5.790926791163633425e+01
2.940944242077857496e+01,1.156182571810326820e+01
1.427444230711905782e+01,4.907741738905983908e+01
1.379273743130765695e+01,5.256528973224220636e+01
3.634258922930953872e+01,7.571261898730487161e+00
1.069621869551308002e+01,8.740563898346890426e+01
7.094116176471486312e+01,1.987025347402999298e+00
2.637040279800482168e+01,1.438025121317659583e+01
1.136970436825676600e+01,7.735736269154688216e+01
1.112820197120856491e+01,8.075138901841204131e+01
2.306067873246376365e+01,1.880424188398361451e+01
1.321187928593107586e+01,5.728894254981364043e+01
1.323369358867304157e+01,5.710022904879600958e+01
3.534562390641078622e+01,8.004398389165595873e+00
2.953940594092350835e+01,1.146031317791848458e+01
1.501284461793427205e+01,4.436842584693266645e+01
1.420814564941008129e+01,4.953648640447789830e+01
1.098072415203912655e+01,8.293503581736248975e+01
1.693287899671409491e+01,3.487694128466861088e+01
1.482825579115677783e+01,4.547993777040748142e+01
1.297226315045437772e+01,5.942490552502226109e+01
3.113821795933779768e+01,1.031365242704105967e+01
7.221650213880324998e+01,1.917463481930701041e+00
1.283653319713383567e+01,6.068823449073448728e+01
3.279899037730490363e+01,9.295634715218032085e+00
1.178651677684056942e+01,7.198285082999464635e+01
1.200244731444106172e+01,6.941612770861001991e+01
3.450254244031791728e+01,8.400358146996554254e+00
1.024056056240870305e+01,9.535699120942045681e+01
1.168846343652561970e+01,7.319563026836135577e+01
1.417447314734803854e+01,4.977212107988532352e+01
5.111202886492224451e+01,3.827839848666741318e+00
1.154603743823381912e+01,7.501257556287654893e+01
3.637650338845218556e+01,7.557150961114483145e+00
4.916416189358326250e+01,4.137163836483911616e+00
6.479704729270257246e+01,2.381713770696556765e+00
1.673508902083777983e+01,3.570622573068945371e+01
1.180000828836301530e+01,7.181834208519028095e+01
1.100061619435048144e+01,8.263536975841184073e+01
3.654927529655502383e+01,7.485873083063419031e+00
1.916908352581639008e+01,2.721430830474398377e+01
1.966455090762130098e+01,2.586020330354820018e+01
1.107038950429489432e+01,8.159700098229929210e+01
1.595823451819563488e+01,3.926723430743840026e+01
1.555062102857716511e+01,4.135276226369072106e+01
1.015836231974376069e+01,9.690643173453433690e+01
3.205404683546223055e+01,9.732720813932488113e+00
1.266626778609488468e+01,6.233079540901700710e+01
2.079759843109735939e+01,2.311924371500589004e+01
1.308263010476782817e+01,5.842650056186015206e+01
1.004662620274243423e+01,9.907395764229940482e+01
1.232869583911430134e+01,6.579088425228476922e+01
1.242419531256995668e+01,6.478335864592892790e+01
7.367205358672339344e+01,1.842444643507539892e+00
2.003149579077111042e+01,2.492144613045451962e+01
1.375155821805106626e+01,5.288057592719205502e+01
1.121905753766363745e+01,7.944878305077980940e+01
2.232127518532701416e+01,2.007067583827218726e+01
1.611781992424578647e+01,3.849350004243240164e+01
1.213954782581781977e+01,6.785705059842919695e+01
1.283531193863452557e+01,6.069978380851376443e+01
2.344668067536978384e+01,1.819019113695993539e+01
3.950070622625325001e+01,6.409000113236115403e+00
1.302518923509497029e+01,5.894295664522010014e+01
1.192576274689880300e+01,7.031171152787959500e+01
3.884611779361759432e+01,6.626813594478881519e+00
1.339836165572297944e+01,5.570531153094812993e+01
1.326303534489866109e+01,5.684786332793229491e+01
3.534026056253569692e+01,8.006828116508266646e+00
8.523770078006590722e+01,1.376374275700766425e+00
7.034863551073995325e+01,2.020638593162304542e+00
1.266586222392622574e+01,6.233478714946571841e+01
1.314631638694857330e+01,5.786178668623764310e+01
1.353764665910636111e+01,5.456493609272464340e+01
5.940092335236469978e+01,2.834089807785160176e+00
1.145504221447415460e+01,7.620906125192375669e+01
2.972707216329641255e+01,1.131607260352447675e+01
1.061275366298933420e+01,8.878586547095960668e+01
1.079897656717189491e+01,8.575013301962287926e+01
1.451834232294739202e+01,4.744232185109401456e+01
1.157665997252419210e+01,7.461625450553501082e+01
2.698528435089358979e+01,1.373238600663393427e+01
1.016934447420936216e+01,9.669724091541058897e+01
2.804437551566256204e+01,1.271476836187022386e+01
2.324783935881742281e+01,1.850268724742683446e+01
1.223804715692103429e+01,6.676913582832700911e+01
1.181060307877520899e+01,7.168954950933152759e+01
1.265577697212871300e+01,6.243417456953732625e+01
4.619956879512168513e+01,4.685157076981277591e+00
1.149869047133627298e+01,7.563159039862945576e+01
1.556506209206611047e+01,4.127606474269028780e+01
1.822482058381721615e+01,3.010741555309233064e+01
8.065820243916290622e+01,1.537102829252324554e+00
1.277485806143381453e+01,6.127563676133544135e+01
1.469219988079556138e+01,4.632616437502731799e+01
1.374257339299504466e+01,5.294974463765029782e+01
2.823352565337394537e+01,1.254497419005359227e+01
1.953675910150069228e+01,2.619961787286223043e+01
1.140351998532087308e+01,7.689925704954281116e+01
1.316336475210170853e+01,5.771200582199422513e+01
3.382177114505892490e+01,8.741929643180540666e+00
1.349049943623277237e+01,5.494699468295650036e+01
2.240377090657402093e+01,1.992313849077457988e+01
5.618336970086666327e+01,3.167994606162428894e+00
3.512467874785312461e+01,8.105415420275937421e+00
1.457955925083036952e+01,4.704475483455919260e+01
1.220480722753833014e+01,6.713332407000808644e+01
1.542389808323857814e+01,4.203506334863804028e+01
5.637082680119102207e+01,3.146959766262776625e+00
1.203009270544904830e+01,6.909745501865469919e+01
1.312522950037228853e+01,5.804785658380370705e+01
3.445483504037964195e+01,8.423637126453790813e+00
3.244430667802666335e+01,9.499986851762143303e+00
1.232872164741603882e+01,6.579060880617386431e+01
2.437449180986146757e+01,1.683173405212696139e+01
1.681208019906705076e+01,3.537994014729272862e+01
1.203267633015729210e+01,6.906778535559907084e+01
1.175791795708239817e+01,7.233344490345429278e+01
1.197869090400254422e+01,6.969173599978670097e+01
3.616776605147731516e+01,7.644632815041298990e+00
4.108268131878231344e+01,5.924919288842687592e+00
1.252743763411834799e+01,6.371996099649638978e+01
1.210407222715948805e+01,6.825539541304469537e+01
1.342997190450435419e+01,5.544339192401324823e+01
1.344373741994776772e+01,5.532990917635711270e+01
1.602030755936336703e+01,3.896353045667981974e+01
3.766535798120700917e+01,7.048809947612088678e+00
1.411119849880715904e+01,5.021947843700473157e+01
1.442534482507300986e+01,4.805599715712946818e+01
1.169132347754993617e+01,7.315982304771466715e+01
1.198826751210082797e+01,6.958043653664465467e+01
5.765755360159543841e+01,3.008067498068365264e+00
1.340675135669484064e+01,5.563561460527039060e+01
1.167263453025014286e+01,7.339428162578535364e+01
1.348444401922017555e+01,5.499635551299857639e+01
1.145821974317999548e+01,7.616679938080115164e+01
1.113731922929341955e+01,8.061923335481435515e+01
1.196564369933942196e+01,6.984380104558762525e+01
3.605777349576587198e+01,7.691343141837656994e+00
1.105469345743074783e+01,8.182887708005968364e+01
4.740131574101459933e+01,4.450606588211332593e+00
6.631106847174554275e+01,2.274196299200293314e+00
1.046294552515879239e+01,9.134653362874942673e+01
1.776410646982323271e+01,3.168934517425243769e+01
2.245973616734735501e+01,1.982397308228654609e+01
1.224913486121635842e+01,6.664831401001758593e+01
1.739718964597484074e+01,3.304013434654671499e+01
1.735459116925998302e+01,3.320253365064093032e+01
2.653409031289406528e+01,1.420337632434695685e+01
3.373569139388190763e+01,8.786598250117975795e+00
1.332780663213808126e+01,5.629666055070895681e+01
1.377136929047086866e+01,5.272854059077194222e+01
1.096939728965275407e+01,8.310639960627518974e+01
1.438413006503390790e+01,4.833178080290142731e+01
2.188227142714946538e+01,2.088407280623389894e+01
1.067604931481072761e+01,8.773620749691040999e+01
1.157965862938246993e+01,7.457761440747643178e+01
1.586072829438814580e+01,3.975152087081203689e+01
1.299727446346930293e+01,5.919641687674719321e+01
3.658761108067464107e+01,7.470194198236706384e+00
2.066942575732797849e+01,2.340686108788670339e+01
1.249521996328628504e+01,6.404897566681590604e+01
1.962982517142927463e+01,2.595177914765446303e+01
1.651502788784202380e+01,3.666412941727269725e+01
1.128698968832715188e+01,7.849531623459427010e+01
1.309522574782371684e+01,5.831415955480454727e+01
1.290698428431700862e+01,6.002752502771089382e+01
1.394536323471650796e+01,5.142097870283280514e+01
2.683059741080758087e+01,1.389118561467116386e+01
1.070369289987806383e+01,8.728361389833585804e+01
7.239197612356976208e+01,1.908179105678945220e+00
2.311632147070582732e+01,1.871382436447255060e+01
1.493148307239859562e+01,4.485326968966423777e+01
1.319854050404296153e+01,5.740479639762622810e+01
3.422798424619271174e+01,8.535664826771711233e+00
2.174427226270768543e+01,2.114999385092449913e+01
1.260967999202495626e+01,6.289148791615904344e+01
5.284185680310205413e+01,3.581326038672063117e+00
3.026681272655707389e+01,1.091607776302821797e+01
4.890198436058404496e+01,4.181643791209668670e+00
4.013711103680510206e+01,6.207372104311407846e+00
1.507247342375577581e+01,4.401806490453000720e+01
1.141136069170380019e+01,7.679361892779064647e+01
3.142569602423034425e+01,1.012581968267394217e+01
1.048535752747584837e+01,9.095645236464461902e+01
1.148378608128202671e+01,7.582803680045088868e+01
1.236359669385279503e+01,6.541996998346266423e+01
2.162145537728428479e+01,2.139095394029447661e+01
5.419371743617874415e+01,3.404882385990153804e+00
1.110962768039168047e+01,8.102163275203589876e+01
1.069541621206501425e+01,8.741875566982189127e+01
1.024461134821718034e+01,9.528159657186448328e+01
1.000954110504207328e+01,9.980945065020770812e+01
1.097403403871016003e+01,8.303618620781035986e+01
1.276448806662188851e+01,6.137523905575832117e+01
2.066227178647217855e+01,2.342307237312449075e+01
1.368867396703349470e+01,5.336754691878422108e+01
1.238422950979591519e+01,6.520216494696421705e+01
1.398720997008417832e+01,5.111375785888937173e+01
4.508006558774428640e+01,4.920745698707267302e+00
2.773090896806367667e+01,1.300384516089548548e+01
3.404712208308076526e+01,8.626590524643804159e+00
1.413616636404347027e+01,5.004223577913060694e+01
1.252882739901304276e+01,6.370582545922328421e+01
1.216900035490140297e+01,6.752898039595309854e+01
3.145223006155424272e+01,1.010874200365906717e+01
3.222716084724878982e+01,9.628439517726175012e+00
1.064968903066196049e+01,8.817107721621354699e+01
1.379787451352112981e+01,5.252615588639348232e+01
2.171454022397272610e+01,2.120795160049820183e+01
1.620060705617338925e+01,3.810109202125385508e+01
1.352234668335273504e+01,5.468848188155543966e+01
1.134051172290286935e+01,7.775614057990098615e+01
1.210954871771896180e+01,6.819367296366060316e+01
1.226411294041327338e+01,6.648561913856283923e+01
1.469646412071479347e+01,4.629928481836211773e+01
1.209250050460537551e+01,6.838608970690894751e+01
1.315739957613351230e+01,5.776434751875289919e+01
1.119174837094772990e+01,7.983698463027614878e+01
3.113493455422610623e+01,1.031582784094066518e+01
1.347165688527088889e+01,5.510080881474916481e+01
2.633055056904002456e+01,1.442381420323060937e+01
1.347536772034237806e+01,5.507046576739454480e+01
1.392614421691488324e+01,5.156300547246256372e+01
1.295611937174573036e+01,5.957308881729289851e+01
1.482019531304137949e+01,4.552942291236522721e+01
1.277889774703322701e+01,6.123690178014249597e+01
1.918719433499941474e+01,2.716295733341780050e+01
1.513706657633492370e+01,4.364319713840794179e+01
1.072690551622214450e+01,8.690626576969739858e+01
2.815656866188300356e+01,1.261364326845106731e+01
1.695314002400994724e+01,3.479362687834943557e+01
1.434742895508347615e+01,4.857936505780634917e+01
3.053497474202638173e+01,1.072518691880255304e+01
3.735112741042922835e+01,7.167910429379633186e+00
1.315204044416435814e+01,5.781143220240911518e+01
1.282007799064207632e+01,6.084412719766681477e+01
1.164444260055733338e+01,7.375009619609660660e+01
1.013127502961631343e+01,9.742530851449387796e+01
1.250007872927058727e+01,6.399919381988558342e+01
1.387393739700684669e+01,5.195179277506107951e+01
1.614884160959445580e+01,3.834575120459078335e+01
2.219223455433726500e+01,2.030476334997016252e+01
1.226848411047841481e+01,6.643825091072697830e+01
1.194013670674989669e+01,7.014252596316198662e+01
4.535704999107905877e+01,4.860829626120636071e+00
1.079031244632568765e+01,8.588789507160660719e+01
1.885280899961163215e+01,2.813506123345061383e+01
3.046012851681348010e+01,1.077795925007426803e+01
5.202049324957439325e+01,3.695311626461750265e+00
2.220522061803807645e+01,2.028102101906284460e+01
4.021242170719845177e+01,6.184143281959272542e+00
5.381869864985527130e+01,3.452499430383691781e+00
3.345397531272581659e+01,8.935205306137298464e+00
1.155772478910562917e+01,7.486094450383602350e+01
2.006741336213100624e+01,2.483231488645196450e+01
4.863227545623306014e+01,4.228154218769520689e+00
1.170486631286480872e+01,7.299062534430160554e+01
1.656229803315646620e+01,3.645514326196576604e+01
1.294422109420480993e+01,5.968265785362724785e+01
1.644948204969966810e+01,3.695690082889793615e+01
1.488233973845206926e+01,4.514998090383571849e+01
4.184483000781073514e+01,5.711055546546980111e+00
1.240631422567305719e+01,6.497023633365935780e+01
1.061320640206781007e+01,8.877829076223686400e+01
1.279545874850622056e+01,6.107848805800677638e+01
1.202485869062207691e+01,6.915761968618906508e+01
1.683098971981396375e+01,3.530048648418879509e+01
2.738027665296173652e+01,1.333903266460009540e+01
3.504023914105965787e+01,8.144527182045296243e+00
2.377136462058998490e+01,1.769667898127813288e+01
1.441247897026783598e+01,4.814183352845935815e+01
2.137610447487093523e+01,2.188481467159120797e+01
1.022768868296332911e+01,9.559716200646928996e+01
1.144415704646497289e+01,7.635410346810098758e+01
2.789475312976635735e+01,1.285153358585011674e+01
3.622712472562849939e+01,7.619601653280727582e+00
1.407109631409319306e+01,5.050613422372107664e+01
1.151354133155064474e+01,7.543660785369874588e+01
1.374306132298321437e+01,5.294598487713778923e+01
1.520146385085955032e+01,4.327421294432771504e+01
1.166803032837224130e+01,7.345221578463872447e+01
2.749821625018247673e+01,1.322485606456091567e+01
1.506359894116955189e+01,4.406994528464202432e+01
1.121020200047496651e+01,7.957435430156209577e+01
1.104745186954440328e+01,8.193618964891480516e+01
1.556897149212654696e+01,4.125533833946100515e+01
1.246022009513625939e+01,6.440929901294224180e+01
3.759267923820390678e+01,7.076091528818861498e+00
4.058838570998586448e+01,6.070108338642008050e+00
1.114190150947706037e+01,8.055293516500059070e+01
1.427398390960980201e+01,4.908056960322377904e+01
1.257455825872701283e+01,6.324330032614015096e+01
1.170881149420583789e+01,7.294144652878962631e+01
1.849058284651529505e+01,2.924817672829251691e+01
5.276453104744970091e+01,3.591830506520752753e+00
1.105426556916783909e+01,8.183521206332993359e+01
3.733150062350318876e+01,7.175449372628037281e+00
1.080381938314174128e+01,8.567327519260039992e+01
1.217249700626381959e+01,6.749018944177159085e+01
4.402265585685201188e+01,5.159974086587089559e+00
1.245396657872472979e+01,6.447399899926439559e+01
1.324447211044754980e+01,5.700732906396137878e+01
1.134410683137826581e+01,7.770686434003623333e+01
1.258587509520508441e+01,6.312961855057316995e+01
1.421580246881166332e+01,4.948313876051723526e+01
1.273738500406705931e+01,6.163670979318992948e+01
3.139517963498108344e+01,1.014551402018239656e+01
4.049335671969350869e+01,6.098632183885255742e+00
2.957531875659673659e+01,1.143249794214515092e+01
1.000610234772310392e+01,9.987806467065315985e+01
1.883897596346496428e+01,2.817639428761814813e+01
1.088756134629912964e+01,8.436042710860166949e+01
3.055624431674260322e+01,1.071026095033155379e+01
1.363259620679157713e+01,5.380750534874226787e+01
1.312671766148130637e+01,5.803469569039570075e+01
1.114801538601026820e+01,8.046460452761745330e+01
1.158515996411066240e+01,7.450680329924389866e+01
3.987841146932983349e+01,6.288170367988989540e+00
2.214225055051396041e+01,2.039653892637975119e+01
1.081325291130838728e+01,8.552385693295815372e+01
1.166140534812671348e+01,7.353569761056451171e+01
2.878715708824694985e+01,1.206708702014865864e+01
1.252428620407867221e+01,6.375203216770301395e+01
1.337047799570452611e+01,5.593789672516734868e+01
1.317946260532868230e+01,5.757110902726577706e+01
1.273748689162457914e+01,6.163572372918046938e+01
2.120326908865767024e+01,2.224305061254079519e+01
3.118646224121059873e+01,1.028176744526370534e+01
1.486212448865912705e+01,4.527288915640960454e+01
1.233943224703604358e+01,6.567644617125128548e+01
1.333674728040004176e+01,5.622120588102629313e+01
1.313257656888881364e+01,5.798292457613959527e+01
1.334746989222026592e+01,5.613091221063984904e+01
2.979006311505781568e+01,1.126826763152318200e+01
3.915825511352446853e+01,6.521587672788353274e+00
1.667182653462523234e+01,3.597771971765113364e+01
1.064828879560016439e+01,8.819426748716664122e+01
2.911809639316376419e+01,1.179435080881013143e+01
2.043745161492875795e+01,2.394123316841245241e+01
1.849021869722074385e+01,2.924932877608332760e+01
1.114977832930427404e+01,8.043916127374683356e+01
1.127844932832220870e+01,7.861423897911132030e+01
1.982723704422638633e+01,2.543756886826966834e+01
1.221736038475359010e+01,6.699543794797493490e+01
1.328940689127928643e+01,5.662246898168269382e+01
1.111018950673110695e+01,8.101343866383008674e+01
2.055829262945636415e+01,2.366060867972133863e+01
1.446660569081368841e+01,4.778226267839889374e+01
1.128944681080112566e+01,7.846115129813435374e+01
1.490870728231351272e+01,4.499041759291930731e+01
1.231719071756647388e+01,6.591384827083699349e+01
2.810745141194568220e+01,1.265776600187170153e+01
1.893697706779544987e+01,2.788551653318187817e+01
1.413155321668096676e+01,5.007491299224479775e+01
1.510392208452734586e+01,4.383495113947930832e+01
1.002667080856976334e+01,9.946871026119281112e+01
1.208127301498650574e+01,6.851325526024255907e+01
1.273421901111017362e+01,6.166736195128996201e+01
1.124016423068085402e+01,7.915068658098444132e+01
4.844072863345605384e+01,4.261658700766330909e+00
1.128411142627481034e+01,7.853536527269756107e+01
1.375480055338223373e+01,5.285564843358125131e+01
2.280040436324092212e+01,1.923600589573451458e+01
1.335093197122476383e+01,5.610180496076095835e+01
2.990911502429617386e+01,1.117874048462587844e+01
1.332321964937800907e+01,5.633543139902396746e+01
2.470775650849973815e+01,1.638073461865989700e+01
2.685328903628282404e+01,1.386771881328888867e+01
7.402104761808882927e+01,1.825112103837966071e+00
9.136798987190893229e+01,1.197875987644345663e+00
1.329368526524303284e+01,5.658602865537547189e+01
3.726037470122760453e+01,7.202869792804404980e+00
1.480679091206767062e+01,4.561189464988939335e+01
1.257326425083277854e+01,6.325631867038075740e+01
2.135680170681701640e+01,2.192439254581321961e+01
2.684643001413196828e+01,1.387480587413807598e+01
1.075570832986869974e+01,8.644143476031280215e+01
1.098321129132458651e+01,8.289747892706817822e+01
1.156963464073616876e+01,7.470689921730622984e+01
1.724758494099555506e+01,3.361579720747564437e+01
1.141074713438045585e+01,7.680187755511373382e+01
3.731775541734417345e+01,7.180736196210110833e+00
1.958361210419637644e+01,2.607440477618159136e+01
8.509685410032193431e+01,1.380934213412296607e+00
1.305439596377667044e+01,5.867950437241668027e+01
1.327148835786121417e+01,5.677547013754234939e+01
1.465870539593998600e+01,4.653811266356653675e+01
1.068682384316602985e+01,8.755938419895122138e+01
1.124567681514990625e+01,7.907310691896672949e+01
1.255310024334644048e+01,6.345969875579621089e+01
3.303087062963697917e+01,9.165580117642214475e+00
1.202096659530154277e+01,6.920241003159846116e+01
2.916999751949156661e+01,1.175241761965153842e+01
1.746592684937161266e+01,3.278058699805365706e+01
1.402577046326249288e+01,5.083309415356156791e+01
2.011412191504519242e+01,2.471711872987719261e+01
2.375047359194440943e+01,1.772782483795619868e+01
1.754577459593322786e+01,3.248290846621019057e+01
1.291795195878263591e+01,5.992563846360693702e+01
4.057384114989539370e+01,6.074461038666209234e+00
1.133752886312274377e+01,7.779706063891559609e+01
1.168471717352260519e+01,7.324257261795085583e+01
1.002835892735032886e+01,9.943522504867831913e+01
3.938762189510509160e+01,6.445854224670306110e+00
1.213091045870788598e+01,6.795371521674897508e+01
1.157904844098417207e+01,7.458547474148498679e+01
1.154826098149690949e+01,7.498369196736720710e+01
2.335550803778825113e+01,1.833248602802637350e+01
1.067457102495127863e+01,8.776050983681705020e+01
4.956269435685413072e+01,4.070897659526035994e+00
1.475264795816976360e+01,4.594730486579165785e+01
1.802465451336368929e+01,3.077982183827136708e+01
1.416381345648399481e+01,4.984706630195947241e+01
1.500654407872842278e+01,4.440569008165015674e+01
2.006920012671740849e+01,2.482789343213939404e+01
2.298469869616638306e+01,1.892876894342159488e+01
1.349202502537823101e+01,5.493456929844522563e+01
1.605097766653880242e+01,3.881477017981148236e+01
1.558747086054131081e+01,4.115747194093405170e+01
1.055208258289166245e+01,8.980978095074675593e+01
1.541663632103471748e+01,4.207467257586111486e+01
3.104093696360148513e+01,1.037839883363980498e+01
9.498630397535636405e+01,1.108352797481143570e+00
1.043461106096522251e+01,9.184329755889483238e+01
1.860405123259714699e+01,2.889248831863873690e+01
1.336961352573933048e+01,5.594513077047392358e+01
1.322796715672018308e+01,5.714967751623886727e+01
1.146949170056079303e+01,7.601716292652503171e+01
1.573219125425866771e+01,4.040373975767874271e+01
2.033969111727447654e+01,2.417192807429228196e+01
1.300691860132915956e+01,5.910866561560984422e+01
1.133549060452925517e+01,7.782504086304165014e+01
1.195295341769841002e+01,6.999218412400460920e+01
1.023989987234928734e+01,9.536929669080893746e+01
1.091973458814836562e+01,8.386405057104535388e+01
1.476826735160692472e+01,4.585016557380836844e+01
1.095533768444026812e+01,8.331984678013962764e+01
1.060517808424268615e+01,8.891275528653189042e+01
1.124869832531735447e+01,7.903063300750244480e+01
1.104948089443372794e+01,8.190610039759867789e+01
1.491737638326431004e+01,4.493814122317417059e+01
1.333122997806016485e+01,5.626775126044273634e+01
3.885309510761739915e+01,6.624433696175204389e+00
1.043365456584414552e+01,9.186013762047420528e+01
1.295072529551138452e+01,5.962272444710023223e+01
1.004468621680857510e+01,9.911223074324369975e+01
3.980971141301178307e+01,6.309892224019801432e+00
1.067269280110372875e+01,8.779140145706490728e+01
1.420931496785884285e+01,4.952833378850430535e+01
1.723511387958106411e+01,3.366446254808675320e+01
1.121788277767475073e+01,7.946542400529317263e+01
1.331097635299701665e+01,5.643911253689310570e+01
3.383227808859253827e+01,8.736500703498155218e+00
1.005868216829641781e+01,9.883660718237810272e+01
1.185981715584481933e+01,7.109581105491814412e+01
1.156443611412017525e+01,7.477407985466879836e+01
1.607399715327088785e+01,3.870367692862731701e+01
1.432921785102500323e+01,4.870292323897897546e+01
2.619784907671618512e+01,1.457030786141119982e+01
1.110413650335397584e+01,8.110178560955409921e+01
7.898312439579416377e+01,1.602992096490370999e+00
5.822235762837186002e+01,2.949989192116398318e+00
7.018950031710635074e+01,2.029811453214749317e+00
1.157799696758147157e+01,7.459902254327914761e+01
1.162577358892319346e+01,7.398714655317115785e+01
1.436434000849376069e+01,4.846504798560498983e+01
1.290678681523466409e+01,6.002936183978968643e+01
1.148675868147157786e+01,7.578879557027967451e+01
1.327669161795069819e+01,5.673097717832112608e+01
1.699886228697764778e+01,3.460670802867294071e+01
2.634870323176531315e+01,1.440394677830221326e+01
1.116635319527569159e+01,8.020053747779407161e+01
5.841721074472992115e+01,2.930342381848871192e+00
1.249725179934294239e+01,6.402815085809284312e+01
2.259088708604311080e+01,1.959446590569416458e+01
1.323378578099980984e+01,5.709943348134075336e+01
1.005528852759295511e+01,9.890333277325987638e+01
6.893262018756516341e+01,2.104507251709993643e+00
1.795903780679211081e+01,3.100515241353404861e+01
1.092297736632246163e+01,8.381426338656751795e+01
3.584159944840967427e+01,7.784401648703603627e+00
1.174077963424878313e+01,7.254477307096701111e+01
1.337184481184003815e+01,5.592646181646891534e+01
1.378590676304500562e+01,5.261739294393012756e+01
1.715904590586619349e+01,3.396360080964385730e+01
1.088739838069346355e+01,8.436295258815297871e+01
1.145971904710938638e+01,7.614687049584701128e+01
1.210897349593047423e+01,6.820015202949416278e+01
1.244587482702776882e+01,6.455786247909966846e+01
2.736962060280763609e+01,1.334942148757374270e+01
1.353112800373559210e+01,5.461752235026401792e+01
1.101685216160834280e+01,8.239198326183699805e+01
1.292170843940962754e+01,5.989080146351228251e+01
1.053333085901244282e+01,9.012982923681468606e+01
1.235075195875993792e+01,6.555611378143809986e+01
2.256909145516181425e+01,1.963233007633137817e+01
1.157654927061383532e+01,7.461768156315272904e+01
4.574516514627975283e+01,4.778698167087209292e+00
1.207973345969018020e+01,6.853072032551679627e+01
1.125653140171672817e+01,7.892068126941884998e+01
1.223838841910356479e+01,6.676541222313451840e+01
2.336073048902647642e+01,1.832429023871421592e+01
1.622029825109589396e+01,3.800863988277286865e+01
1.006268078680169253e+01,9.875807316696875660e+01
1.344167471950138371e+01,5.534689184966357089e+01
2.551046607672767763e+01,1.536608437262237459e+01
2.631701895791391266e+01,1.443865080937978185e+01
2.618349855750896893e+01,1.458628347912790879e+01
1.759154077784290493e+01,3.231411314330764384e+01
2.331275393095457815e+01,1.839978891108530590e+01
1.174871007872252093e+01,7.244686987625873087e+01
1.809375256273045807e+01,3.054518122571736072e+01
6.396553582970260976e+01,2.444037782964337602e+00
2.768233492231320980e+01,1.304952075491204155e+01
1.301367264073890162e+01,5.904732725698700335e+01
1.170119219571649971e+01,7.303646993974976454e+01
1.090606577194929727e+01,8.407439968733285696e+01
1.725002589199819170e+01,3.360628432803037668e+01
1.378923548086636863e+01,5.259199236048896609e+01
2.758249651326321228e+01,1.314416057806081994e+01
1.160119490321431357e+01,7.430098201787724577e+01
1.032111473148209413e+01,9.387431661303067187e+01
2.872654060541067977e+01,1.211806678290850847e+01
1.697641017657774043e+01,3.469830659711899301e+01
1.121577741136853845e+01,7.949526046205700425e+01
1.629511940538829151e+01,3.766039802154435279e+01
1.374833186282949882e+01,5.290539807185363230e+01
1.237148626543851471e+01,6.533655705316444084e+01
1.458600080102487162e+01,4.700321168117051940e+01
2.417712243873511824e+01,1.710766668955733394e+01
1.689746037985272054e+01,3.502330501462959944e+01
1.150415261599911787e+01,7.555978804523030590e+01
1.143441968243817186e+01,7.648420264095354071e+01
2.821111116421815979e+01,1.256491675045146472e+01
1.299953178245471186e+01,5.917586019883480475e+01
1.273601804735926457e+01,6.164994143829495954e+01
1.954123530043215595e+01,2.618761645452791953e+01
1.145213430031494894e+01,7.624776801834450168e+01
1.091799351529907902e+01,8.389080000326019615e+01
1.619423580635698201e+01,3.813107791635409427e+01
1.318662659714380858e+01,5.750857189291846794e+01
1.413384324568005823e+01,5.005868758051952483e+01
1.240782271868625841e+01,6.495443965568604483e+01
1.198655907799278708e+01,6.960027243145552234e+01
8.276784376035192281e+01,1.459744062682640342e+00
1.175835435224153080e+01,7.232807589032712769e+01
1.242112878801261822e+01,6.481534998683143556e+01
1.177250581672010377e+01,7.215429249696005343e+01
1.072164765312742496e+01,8.699152380159132747e+01
3.676730940668812764e+01,7.397352263150279938e+00
1.157338931977906604e+01,7.465843373832825591e+01
6.841262441168917974e+01,2.136621027251000005e+00
1.182096645375138522e+01,7.156390495764662774e+01
1.200067933165251510e+01,6.943658247719407939e+01
3.542221016127960809e+01,7.969823235299932307e+00
1.142539812856118253e+01,7.660503497666783801e+01
1.393552704370276452e+01,5.149359383509578691e+01
1.708458521671762753e+01,3.426029682280132960e+01
1.153505234575213478e+01,7.515551595389696615e+01
1.052910394940939831e+01,9.020220901630958110e+01
1.147293709839052944e+01,7.597151288253395762e+01
2.073830048704982332e+01,2.325164449611154183e+01
1.135189994684864701e+01,7.760020894249571199e+01
1.051300987707096013e+01,9.047859648163043289e+01
1.602114817971772354e+01,3.895944177625160876e+01
1.341902772911384822e+01,5.553386489341533405e+01
2.965192648627405703e+01,1.137350101015436543e+01
3.803302073953825158e+01,6.913187874157586954e+00
1.084414707256816790e+01,8.503724897521574633e+01
1.183483381265138590e+01,7.139629450348783735e+01
2.378717711110766331e+01,1.767315911934013428e+01
1.228662515432390556e+01,6.624220530295433207e+01
1.277558001020778100e+01,6.126871157737414819e+01
1.106741353417436713e+01,8.164088890317511016e+01
1.912606946774083028e+01,2.733685456681866199e+01
1.414822124495088396e+01,4.995699591983756704e+01
1.775230666100387467e+01,3.173148645710408999e+01
3.864591343130111056e+01,6.695651584675283985e+00
1.009032344696369599e+01,9.821771457294251206e+01
1.044100250471656821e+01,9.173088850602965749e+01
1.001648976722855444e+01,9.967101860287915827e+01
1.696568030867837251e+01,3.474221005064132584e+01
1.654156817184779626e+01,3.654657154532427654e+01
3.083584318911170286e+01,1.051691449616555829e+01
1.329148806420982964e+01,5.660473854798120641e+01
1.691917189466330029e+01,3.493347542803693528e+01
1.105025695096658467e+01,8.189459631537808093e+01
1.296625920877685623e+01,5.947995089537808155e+01
1.081618096809417295e+01,8.547755874048972657e+01
5.677994500818388701e+01,3.101773382817320179e+00
1.472658915989306472e+01,4.611005686205457010e+01
1.160422423845482776e+01,7.426219386639144204e+01
1.003629735784836718e+01,9.927798629532533425e+01
5.323654968058625769e+01,3.528419379868450889e+00
1.141858272765181503e+01,7.669650864698805037e+01
1.041619907988648208e+01,9.216827437428116809e+01
1.710798760714981626e+01,3.416663011229574209e+01
1.109731198098698890e+01,8.120156673459473495e+01
1.080404270543474787e+01,8.566973345270773166e+01
1.100213043460513340e+01,8.261262485583399950e+01
1.075417440783013312e+01,8.646609567301527477e+01
2.846299604321797716e+01,1.234351289717477762e+01
1.014757850633332836e+01,9.711250575472473656e+01
1.106001391937614642e+01,8.175016782849267827e+01
3.397816977160990604e+01,8.661638139151023097e+00
1.205574998597664305e+01,6.880365889988915740e+01
1.558622587239164936e+01,4.116404731225730984e+01
1.151725666236133705e+01,7.538794578851795336e+01
1.724797907896205018e+01,3.361426089872762901e+01
1.579415013301165516e+01,4.008736183860037983e+01
1.039346530283753367e+01,9.257191733946896761e+01
3.095297557560621016e+01,1.043746879220703860e+01
1.189689410915917911e+01,7.065335801804799587e+01
1.109187680262097153e+01,8.128116609173525831e+01
1.285223761555552713e+01,6.054001265325953085e+01
1.153150045465203988e+01,7.520182134509646232e+01
2.392704597937584410e+01,1.746714122835464522e+01
6.543940742765369123e+01,2.335184955086274883e+00
1.184106292880704281e+01,7.132119671281911621e+01
2.084045966315267862e+01,2.302424578253511456e+01
2.009956924285511448e+01,2.475292351143080083e+01
2.900392083008145860e+01,1.188739182822228635e+01
1.720706899767195708e+01,3.377428779012199556e+01
1.318585249293425754e+01,5.751532442323286176e+01
1.510255713603682004e+01,4.384287498358580848e+01
1.131903406121637978e+01,7.805150226691034732e+01
5.749489841569361914e+01,3.025111440541011998e+00
2.796035276331798869e+01,1.279130066058407600e+01
1.279681633942482577e+01,6.106552933450620202e+01
2.974994193218796568e+01,1.129868120872690263e+01
1.190287964880673854e+01,7.058231770549541295e+01
1.969657763312398302e+01,2.577617405692199171e+01
1.198074430268218116e+01,6.966784889368051381e+01
1.109462344106456477e+01,8.124092635898659864e+01
1.296694557293577255e+01,5.947365429672721149e+01
1.650687617801187201e+01,3.670035058217941071e+01
1.265213320956479670e+01,6.247014132124559183e+01
1.586298648200360084e+01,3.974020395985760246e+01
1.432874394401461160e+01,4.870614488053010405e+01
1.144193844617815614e+01,7.638371657255336800e+01
1.168773711035797547e+01,7.320472793252605470e+01
1.212970947673661293e+01,6.796717229537729565e+01
1.242787306456502527e+01,6.474502193749506773e+01
1.058106239494562395e+01,8.931850581608247808e+01
2.441690192612459498e+01,1.677331420314833821e+01
1.303540938901555357e+01,5.885056676789275798e+01
1.107783519397745131e+01,8.148735107971373282e+01
1.161791373050357556e+01,7.408728935346927358e+01
4.614524840865932021e+01,4.696193937559892007e+00
1.022427300253616878e+01,9.566104603965705167e+01
1.173871810898351953e+01,7.257025558331930881e+01
1.608366758726520374e+01,3.865714912876893550e+01
1.339453730731892378e+01,5.573712553496775968e+01
2.330562224095248780e+01,1.841105157265612391e+01
2.319202002982270017e+01,1.859186020289439867e+01
2.584965235384020588e+01,1.496547778219055225e+01
1.312697375286504098e+01,5.803243133901782613e+01
1.131642756017184226e+01,7.808746145108204928e+01
1.519961065887465601e+01,4.328476588745768794e+01
1.222387749032547788e+01,6.692402035527359772e+01
2.297704591181702583e+01,1.894137995622122617e+01
1.530090707520152549e+01,4.271354772189644677e+01
2.830691461865559688e+01,1.248000990657736864e+01
1.126608246470103580e+01,7.878692459137616311e+01
2.828114723846777778e+01,1.250276171747105458e+01
4.397677325173102503e+01,5.170746889708950356e+00
2.284755406249971088e+01,1.915669446945770815e+01
1.908645845453806444e+01,2.745043919482438710e+01
2.326012620170051903e+01,1.848314482838435424e+01
1.511437063273802295e+01,4.377436597851498590e+01
4.592458920089078589e+01,4.741431052033510340e+00
1.159640992090094436e+01,7.436231172897052488e+01
1.044549032377271303e+01,9.165208259437764582e+01
1.384317097437931743e+01,5.218297492312054686e+01
1.344775959717370561e+01,5.529681616669557798e+01
2.553666302713199343e+01,1.533457375016324065e+01
1.108957176204022410e+01,8.131495925560894023e+01
3.602877750004955715e+01,7.703728124670226052e+00
1.253605380613466380e+01,6.363240019327528785e+01
1.000457942598892913e+01,9.990847435525624576e+01
4.646946336803220845e+01,4.630892350241055944e+00
1.170520306903210006e+01,7.298642555562423695e+01
1.628530903493038906e+01,3.770578539965553233e+01
1.252117734939222160e+01,6.378369379236291792e+01
1.035673443238004054e+01,9.322970705707926697e+01
2.409549177500900896e+01,1.722377768219328331e+01
2.090238675757516162e+01,2.288802090758329655e+01
1.236500233539155680e+01,6.540509707070678758e+01
1.349442838170283565e+01,5.491500335851798553e+01
1.045200918932716760e+01,9.153779236086754167e+01
1.940135383373989342e+01,2.656659698480000387e+01
1.267924875402742479e+01,6.220323266644212623e+01
1.346180825858370333e+01,5.518146154620959720e+01
1.078304345256453800e+01,8.600373045832833441e+01
2.481320561029448157e+01,1.624180348339765700e+01
1.240562371903323502e+01,6.497746912245463591e+01
1.315915193215726475e+01,5.774896401029281634e+01
1.325230505144008042e+01,5.693995918711357973e+01
1.341965286052989548e+01,5.552869111502203481e+01
1.327576347365680753e+01,5.673890988568960125e+01
2.113230856764987919e+01,2.239268201570697059e+01
4.377454664908175630e+01,5.218632156215480933e+00
1.259758512628987326e+01,6.301230936711360897e+01
1.124765405442359878e+01,7.904530864039830362e+01
1.811977095506120250e+01,3.045752383477554659e+01
1.213843394161399658e+01,6.786950498342972082e+01
1.078742973063490140e+01,8.593380470358357570e+01
1.648459693071839638e+01,3.679962006735821944e+01
2.133790813994287916e+01,2.196323546923134273e+01
2.171197541302347034e+01,2.121296243882266808e+01
2.543234203463131138e+01,1.546063362264420604e+01
3.268733305514292198e+01,9.359249474733946528e+00
1.008892123620936943e+01,9.824501808797063518e+01
1.405569061596625247e+01,5.061690909577233555e+01
1.571052499009046421e+01,4.051525757480046508e+01
6.234286108674872651e+01,2.572921530734706419e+00
2.713004503817403901e+01,1.358623025331006673e+01
1.226967471537764176e+01,6.642535768071178381e+01
2.415015836205544275e+01,1.714589003783260779e+01
1.806717076829788482e+01,3.063512812850506606e+01
1.275688507111547310e+01,6.144841910239156135e+01
1.398542819765197365e+01,5.112678268513304403e+01
1.583784670168260611e+01,3.986646517854646987e+01
1.140362655011091420e+01,7.689781983746703986e+01
1.035829535491476960e+01,9.320161104689306342e+01
1.467132285745545950e+01,4.645810074428212033e+01
3.435010023809883251e+01,8.475083437650681617e+00
2.969330929084951620e+01,1.134182118716755028e+01
1.353206821889836142e+01,5.460993290601258110e+01
2.339914159350504264e+01,1.826417875874507502e+01
1.512070304274639554e+01,4.373770906003234415e+01
1.405124256638051961e+01,5.064896066083043280e+01
1.175190396251831260e+01,7.240749660673458266e+01
1.657789370363280312e+01,3.638658509852024281e+01
1.036059327538282560e+01,9.316027246074095558e+01
7.379563460315209511e+01,1.836278952738335413e+00
1.449625072572317741e+01,4.758703172057371233e+01
1.270828796620069134e+01,6.191928110888572689e+01
1.124441530130912348e+01,7.909085037858289979e+01
7.020829688623081211e+01,2.028724733107702072e+00
1.810784855381289660e+01,3.049764415745227097e+01
1.223410276937989849e+01,6.681219673893808420e+01
5.995583901195389842e+01,2.781871276921999314e+00
2.075635150324939815e+01,2.321121992478036944e+01
4.316463419419168446e+01,5.367151698597713683e+00
1.354122809770902514e+01,5.453607680105601929e+01
1.444335783271629836e+01,4.793620600222313755e+01
1.904455269115371507e+01,2.757137637062711022e+01
1.222225728441026682e+01,6.694176468482200448e+01
1.269841327909989914e+01,6.201561932816083100e+01
1.206875544785344445e+01,6.865545120283144342e+01
1.100522373704079904e+01,8.256619055773894900e+01
3.156096582928109839e+01,1.003920748153634968e+01
2.255720599366346590e+01,1.965302419748365281e+01
1.649862473121808648e+01,3.673706960845134972e+01
1.145375946943266676e+01,7.622613202589180048e+01
4.870471765456557733e+01,4.215585867608284687e+00
1.248590530543347654e+01,6.414457415380623218e+01
1.298192046353357298e+01,5.933652546429195951e+01
1.059681271294351390e+01,8.905319030472993802e+01
1.633762952447321126e+01,3.746467009318308072e+01
4.106612139131155459e+01,5.929698703750687194e+00
3.245628068644357711e+01,9.492978535538705742e+00
1.138997141292351500e+01,7.708231191036776409e+01
1.058849054139473367e+01,8.919323050573377998e+01
1.322155918685126252e+01,5.720508734362555003e+01
1.584291263019945895e+01,3.984097385910736477e+01
2.149805277960242478e+01,2.163723442708581501e+01
5.709975074764165015e+01,3.067125700257000265e+00
1.826873038760732371e+01,2.996286013821226035e+01
1.292882638040362941e+01,5.982487408089404113e+01
1.222696284914346698e+01,6.689024932535185997e+01
2.116398118794217353e+01,2.232570934063359758e+01
1.106337165230607589e+01,8.170055301222804189e+01
2.401753628993067480e+01,1.733576810106047006e+01
1.268182683024324930e+01,6.217794476799627290e+01
1.176106739328349526e+01,7.229471048244788278e+01
1.009434536255059633e+01,9.813946389934510250e+01
2.252251006021137414e+01,1.971362181613721987e+01
1.750712190472376051e+01,3.262650006942155301e+01
1.986221822548597515e+01,2.534804688124338412e+01
1.829682379010258231e+01,2.987091932152069873e+01
1.522144167491442879e+01,4.316069448851720125e+01
1.362971985218025139e+01,5.383021833165572190e+01
2.351437696455641202e+01,1.808560525990932177e+01
1.000544178497714576e+01,9.989125307511304186e+01
1.139455742331876920e+01,7.702027718040216087e+01
2.804655202314319240e+01,1.271279502021729435e+01
1.244064380007260873e+01,6.461216431795830317e+01
2.492393171242327909e+01,1.609781361219727813e+01
7.702608256973142886e+01,1.685483006787753313e+00
1.031736216879237489e+01,9.394261572181494557e+01
1.370883764804939453e+01,5.321067077244256183e+01
1.040954856539175566e+01,9.228608202917763492e+01
1.597412068490127268e+01,3.918917108793385751e+01
1.188697193021518395e+01,7.077135742884391334e+01
3.493832289680029390e+01,8.192112195201902480e+00
1.262105613063269871e+01,6.277816303570963896e+01
1.206572852205891166e+01,6.868990266973456471e+01
1.075774990759701844e+01,8.640862861332809075e+01
3.692158201906342185e+01,7.335663430191294410e+00
2.618415077597117957e+01,1.458555683154809657e+01
1.046772748109393802e+01,9.126309329757094702e+01
1.420477728613654556e+01,4.955998225540721336e+01
1.020219934017341679e+01,9.607544177880218683e+01
2.763090220868148350e+01,1.309814724750199844e+01
1.184450821740233550e+01,7.127971143310297464e+01
3.551400448144968891e+01,7.928676705074309439e+00
1.008248448674532760e+01,9.837049914900438807e+01
1.322796526464897049e+01,5.714969386512778016e+01
4.184361779133470804e+01,5.711386451773401873e+00
1.326093131696298677e+01,5.686590413947203615e+01
1.409191190511820579e+01,5.035703613445586768e+01
1.038870268485743509e+01,9.265681451121112389e+01
3.145479597157807561e+01,1.010709283928273727e+01
3.731565865675676719e+01,7.181543187601491240e+00
3.173805810573573893e+01,9.927486340635379491e+00
1.227474963695103050e+01,6.637044270419873726e+01
6.569555660783187534e+01,2.317010526615403521e+00
8.371061326805833858e+01,1.427049220912585348e+00
2.081216683323440009e+01,2.308688835676605322e+01
1.021255804051162208e+01,9.588064004976595811e+01
1.170090468655505589e+01,7.304005921985661587e+01
1.477067727522010898e+01,4.583520534136454216e+01
1.196114790990777088e+01,6.989631474017792812e+01
2.120408202164291822e+01,2.224134511424132299e+01
1.436776836477288022e+01,4.844192182936129143e+01
1.474400179854276161e+01,4.600120939189799429e+01
1.476139122311977481e+01,4.589289122947974420e+01
1.336282760288066385e+01,5.600196540868128636e+01
1.021170932410335652e+01,9.589657839103767856e+01
1.753349873190710539e+01,3.252840940878675013e+01
1.111219922590968601e+01,8.098413761638755659e+01
1.557235295324525204e+01,4.123742349040551858e+01
1.480356690536235398e+01,4.563176405949416647e+01
4.578537494712123390e+01,4.770308320930400470e+00
1.194591384138779766e+01,7.007469945155386881e+01
3.170499696126440270e+01,9.948201383571976919e+00
3.183254081514098743e+01,9.868641914646282487e+00
1.162053119951120550e+01,7.405391749800003254e+01
7.356260939640772278e+01,1.847930986756684657e+00
3.059799066717463134e+01,1.068105581057964493e+01
6.200369495271355902e+01,2.601146770632646099e+00
1.244496049181779895e+01,6.456734900100053665e+01
1.762140258923415814e+01,3.220468481349617207e+01
1.489282461065244334e+01,4.508643014661578263e+01
1.440518743223236164e+01,4.819058219662208131e+01
1.104774094587565081e+01,8.193190180340261008e+01
1.042428846396079045e+01,9.202528230690482758e+01
1.275087810766956586e+01,6.150632967928495987e+01
1.207513719038895417e+01,6.858290119749888447e+01
1.041026684993463824e+01,9.227334741240905203e+01
1.364628970101923855e+01,5.369957226227276692e+01
1.637939726722419209e+01,3.727384261338050919e+01
4.393255469309936245e+01,5.181160945610687740e+00
1.033075533189808937e+01,9.369919243785685126e+01
2.828612134517932830e+01,1.249836488963033254e+01
1.001448523065671559e+01,9.971092363905717093e+01
2.851772127866528805e+01,1.229618418515495470e+01
1.218419686987315842e+01,6.736063689086519446e+01
3.698502596734704895e+01,7.310517887441030815e+00
1.315617949645293017e+01,5.777506193240875376e+01
1.274965183901559485e+01,6.151816167472855312e+01
2.552107251140752453e+01,1.535331488549442014e+01
1.742093252533582870e+01,3.295013533535472305e+01
1.578055457507676884e+01,4.015646521787076750e+01
1.109315823645339982e+01,8.126238867630534912e+01
4.473973307073210748e+01,4.995894086375499477e+00
1.291229896194822935e+01,5.997812076747477761e+01
1.330257515392609768e+01,5.651042293209812328e+01
1.038705329816852618e+01,9.268624327141712627e+01
2.602995261575819796e+01,1.475887467459771685e+01
1.759875704791546269e+01,3.228761814046321632e+01
1.870233044720834670e+01,2.858963084143349320e+01
1.777088145840065891e+01,3.166518722498859617e+01
2.017005327626036149e+01,2.458022813271227491e+01
1.142301927424324148e+01,7.663694443753256280e+01
2.799344488380776497e+01,1.276107636557131819e+01
1.697492376389838142e+01,3.470438359183511068e+01
2.627164247701576372e+01,1.448857086852629905e+01
1.033796080938497752e+01,9.356862275436319010e+01
1.138559484328841087e+01,7.714158346348604312e+01
1.441582561915625504e+01,4.811948376972188157e+01
5.779354939808104774e+01,2.993927400262514915e+00
2.998865509017579001e+01,1.111951951734778632e+01
1.386382433884580223e+01,5.202761357518205898e+01
1.263381921592207213e+01,6.265138611815773828e+01
1.166920083542834519e+01,7.343748092386395854e+01
1.019633250294405435e+01,9.618603470807721578e+01
2.424319160230357184e+01,1.701454783973865759e+01
1.487734948880153851e+01,4.518027493758909685e+01
1.347200179541508724e+01,5.509798746942550451e+01
1.382015287304779605e+01,5.235694597878655543e+01
3.711453368268058739e+01,7.259588154775988400e+00
1.620706319265991269e+01,3.807074267877047902e+01
1.203418886560424284e+01,6.905042466603666185e+01
1.999776365190534477e+01,2.500559180811136528e+01
4.277468387272430306e+01,5.465455755092096801e+00
5.996722576908842228e+01,2.780814917059098335e+00
1.334913915542624885e+01,5.611687513946652217e+01
1.094796332026088947e+01,8.343213028177567026e+01
1.749053680054796089e+01,3.268840445346032197e+01
3.493724417734368615e+01,8.192618080966443728e+00
1.218570840874212813e+01,6.734392683961179671e+01
1.294133561639329777e+01,5.970927522742760374e+01
1.806897010722757457e+01,3.062902703544769878e+01
2.632275078910827659e+01,1.443236340429742448e+01
1.180097438673445964e+01,7.180658360813964691e+01
5.007028171400830274e+01,3.988778591093161907e+00
1.229419842653457273e+01,6.616061954684097657e+01
2.830618675556730679e+01,1.248065173484058299e+01
3.764648841652874012e+01,7.055877874243652315e+00
1.339685491226112113e+01,5.571784258163039993e+01
1.278457667719400881e+01,6.118251079646788781e+01
1.271758190544922229e+01,6.182881363408157682e+01
4.496887878346731071e+01,4.945109142532882807e+00
2.107337589813569068e+01,2.251810148157531444e+01
4.124559745092825125e+01,5.878206008315584263e+00
2.507831689670456754e+01,1.590022346792985886e+01
1.325027611897884228e+01,5.695739824657017181e+01
1.010384309998763186e+01,9.795504599875003748e+01
1.438660780447507115e+01,4.831513431487847754e+01
1.247591542095103989e+01,6.424734071131094026e+01
1.351282842050903277e+01,5.476555274480965352e+01
1.167976553987923971e+01,7.330468812231990228e+01
1.487577954750635101e+01,4.518981179876755050e+01
3.164074904296186119e+01,9.988642913010982838e+00
1.288832987456334855e+01,6.020141698046840872e+01
1.393736593544966595e+01,5.148000663384124920e+01
1.905862615558135431e+01,2.753067233280149395e+01
1.367743867879916664e+01,5.345526013113857289e+01
3.771046999499681363e+01,7.031955434126873072e+00
1.032647934801148537e+01,9.377680634194230436e+01
1.343411592662211973e+01,5.540919195032769551e+01
1.294234273963339454e+01,5.969998289755825027e+01
1.529401075737709448e+01,4.275207687131513268e+01
1.575737204598588370e+01,4.027470996321272878e+01
1.323429646677262461e+01,5.709502685409364631e+01
1.185170645289274738e+01,7.119315303978119402e+01
1.327449884009988956e+01,5.674972119362847423e+01
3.833670883435727461e+01,6.804094662729767151e+00
1.322823157470471855e+01,5.714739281908488522e+01
1.132868575439462333e+01,7.791856394350234893e+01
1.388589294489816339e+01,5.186237184046908766e+01
1.975643522222373960e+01,2.562021856220098215e+01
1.353465474342043606e+01,5.458906256442123350e+01
1.217942757098338014e+01,6.741340224621340838e+01
1.979955158436886364e+01,2.550875665868116471e+01
3.779735302852975565e+01,6.999664525858121600e+00
1.483643554234682860e+01,4.542980281408289045e+01
1.739935632207581406e+01,3.303190613271047482e+01
1.291500078539866792e+01,5.995302849757847952e+01
1.135000581576609413e+01,7.762611152525292368e+01
3.285884893237643922e+01,9.261798079673505768e+00
1.265689394473892726e+01,6.242315540700368359e+01
3.392152247865217163e+01,8.690591323151897640e+00
1.281479932439104630e+01,6.089426329141002725e+01
3.869340044984004834e+01,6.679227004828030445e+00
1.588851966754752176e+01,3.961257990108239113e+01
3.121904019035377331e+01,1.026032001284020190e+01
1.629226385984609493e+01,3.767360065648426826e+01
1.295904449373414380e+01,5.954619811786861305e+01
2.164788103649025786e+01,2.133876176091226995e+01
1.298301677743466875e+01,5.932650487935678285e+01
1.178768334808646756e+01,7.196860393070409145e+01
5.166161634083605492e+01,3.746830271119636180e+00
4.328097315819285740e+01,5.338336742771321752e+00
2.909178528066911795e+01,1.181569448493339891e+01
1.280129135283837982e+01,6.102284281307498048e+01
1.530165583899506743e+01,4.270936757618414248e+01
1.753515885919721384e+01,3.252225049750094854e+01
1.249510565594028400e+01,6.405014753396328331e+01
2.547208770685333690e+01,1.541242290136651860e+01
1.399980472702421963e+01,5.102183146546194337e+01
1.395102148662058639e+01,5.137927654523229393e+01
1.405805267037295714e+01,5.059990107173469198e+01
2.460923711981571316e+01,1.651215277648401170e+01
1.082040383504436321e+01,8.541085329631378897e+01
1.748868124202882868e+01,3.269534133615584182e+01
1.297301084940012217e+01,5.941805581845663653e+01
1.691521268676467926e+01,3.494983053758569724e+01
1.665564360658812859e+01,3.604766690348752434e+01
1.347350495508325174e+01,5.508569423868749482e+01
2.034833261456452291e+01,2.415140184237515797e+01
1.441818542680520387e+01,4.810373373877403935e+01
1.304592955032115320e+01,5.875569153089425356e+01
1.154097012875197414e+01,7.507846177162652168e+01
1.186315412770408528e+01,7.105581977585148934e+01
1.218023435654540521e+01,6.740447198152959629e+01
1.353830704862180845e+01,5.455961294076517021e+01
1.190882051302707900e+01,7.051191352501774645e+01
1.330349836179071943e+01,5.650258002412852676e+01
1.358937554618084143e+01,5.415031641731440715e+01
1.254349597892563040e+01,6.355691520354386626e+01
2.072964891223023542e+01,2.327105681910069634e+01
1.571661095490051174e+01,4.048388609250062586e+01
1.374693519482593373e+01,5.291614883619157439e+01
2.984934268438973959e+01,1.122355543997693417e+01
1.204814648457834281e+01,6.889052932349838443e+01
3.084442773338944477e+01,1.051106122793316189e+01
3.591566359003383013e+01,7.752329260103722142e+00
1.334950559261801395e+01,5.611379442194214562e+01
3.971622706439828931e+01,6.339631725249994965e+00
1.054227726872538184e+01,8.997692181067304773e+01
1.123311304454252557e+01,7.925008581029607058e+01
2.104571443263827746e+01,2.257733378117120537e+01
1.329645404641793327e+01,5.656246477618604729e+01
1.402073960016632803e+01,5.086958013440102633e+01
3.245373865016062354e+01,9.494465725733750361e+00
1.037678307918168841e+01,9.286980287257837574e+01
4.101303376206638518e+01,5.945059546548653984e+00
1.216231773895654023e+01,6.760320871766035111e+01
1.162004742326733009e+01,7.406008378467798536e+01
1.027845829388471977e+01,9.465510551936370121e+01
1.705331192090025638e+01,3.438606885206589681e+01
1.953994670529534261e+01,2.619107054254673628e+01
1.760770362712519699e+01,3.225481541358749382e+01
4.913028833503690151e+01,4.142870653076040632e+00
1.071001887564430000e+01,8.718053453588584034e+01
3.850238356860962341e+01,6.745664967124067601e+00
5.180443110026289588e+01,3.726200179625402953e+00
1.023567637369505867e+01,9.544801649057927762e+01
3.099311878593130842e+01,1.041044846156865589e+01
1.206135087662481631e+01,6.873977346963648927e+01
1.047591488833153406e+01,9.112049646858311291e+01
1.056256696886425672e+01,8.963157936492086719e+01
1.371877743841401731e+01,5.313359228500474529e+01
1.043082469949116486e+01,9.190998740366877939e+01
2.583891832036210090e+01,1.497791431719971200e+01
1.143018795332993776e+01,7.654084568853510007e+01
1.001531496127471499e+01,9.969440298453017135e+01
1.392814118043515492e+01,5.154822072008129652e+01
1.039390862342245114e+01,9.256402076026455461e+01
1.707028304837005450e+01,3.431773017651790525e+01
2.245180387522335863e+01,1.983798329944305650e+01
1.815912935313093968e+01,3.032563863052618913e+01
1.555914850067705402e+01,4.130744643004032923e+01
1.100771265463428961e+01,8.252885724095649778e+01
1.539462107241997302e+01,4.219509732609104447e+01
1.447221897893854958e+01,4.774520359407398473e+01
1.746513777699933101e+01,3.278354910922557508e+01
1.550335424135434614e+01,4.160530010879391938e+01
1.252089931636265874e+01,6.378652652347427221e+01
1.268489738830337821e+01,6.214784631689038008e+01
5.938538888519932613e+01,2.835572725863890753e+00
6.439023392993361483e+01,2.411903869222533636e+00
4.843922332325517033e+01,4.261923577762854798e+00
1.149297257072429623e+01,7.570686448286417658e+01
1.872742341842912595e+01,2.851306738209011016e+01
1.288894053017731345e+01,6.019571263847165454e+01
1.464536884888637047e+01,4.662290947971270327e+01
1.156719049941761668e+01,7.473847361044839488e+01
1.499637022380519369e+01,4.446596203939290604e+01
1.255928418546704783e+01,6.339722154998384696e+01
3.104009391851894861e+01,1.037896259333340510e+01
1.113514612311316831e+01,8.065070330546095079e+01
1.129823449447289718e+01,7.833914575157717763e+01
3.464983550627783870e+01,8.329091739116570636e+00
1.270129441523040548e+01,6.198748752198861212e+01
1.066902374922428365e+01,8.785179434787225716e+01
5.402620617690138971e+01,3.426029173338899003e+00
3.982158650893606477e+01,6.306129470720891916e+00
1.346970226339810850e+01,5.511680160485073543e+01
2.462049562893493615e+01,1.649705480928265899e+01
4.504798598907302676e+01,4.927756522823107943e+00
3.126663413603520425e+01,1.022910735049038955e+01
1.073515288006776558e+01,8.677278424803813550e+01
2.211865410255255426e+01,2.044008068872499351e+01
1.359632761338246709e+01,5.409495435123044871e+01
2.467719719299968872e+01,1.642133031400289767e+01
1.298576768227696299e+01,5.930137208979323304e+01
1.153220647688056744e+01,7.519261364796713565e+01
1.237596209094950162e+01,6.528930704602142043e+01
4.603543102333750170e+01,4.718626175357637287e+00
2.251410454557278484e+01,1.972834450418266172e+01
1.050268001260340434e+01,9.065666365384836922e+01
1.261200178753627377e+01,6.286833413994129671e+01
1.248672620384349052e+01,6.413614048637069232e+01
1.083799152488780138e+01,8.513387194988594331e+01
2.381854369405028038e+01,1.762664228694007562e+01
1.215909629782733958e+01,6.763903516414441697e+01
1.459282925768492944e+01,4.695923332789263327e+01
1.041951511103091654e+01,9.210961824086858485e+01
1.305637104121102432e+01,5.866175245673287009e+01
1.188923726072042264e+01,7.074439098214396893e+01
4.860622494515484249e+01,4.232687592620610673e+00
1.225566195173256112e+01,6.657734212140380237e+01
4.732125884133965599e+01,4.465678171891870996e+00
1.732430626452489264e+01,3.331871890502741707e+01
1.138558161150665171e+01,7.714176276415329880e+01
1.556180490372818248e+01,4.129334525578581605e+01
1.064091712312447413e+01,8.831650590778754406e+01
6.269704518101058710e+01,2.543934075742126044e+00
2.088818712995942661e+01,2.291914968275490949e+01
1.276054765075828001e+01,6.141314985904755730e+01
1.624108765947302047e+01,3.791139622277702870e+01
3.649165192372091582e+01,7.509533389498487033e+00
1.387002761976458487e+01,5.198108594895618495e+01
1.368244459790875922e+01,5.341615253527526619e+01
1.196307248286092850e+01,6.987382725019691065e+01
1.617058340063407584e+01,3.824270670464589728e+01
1.103058034651518149e+01,8.218702785765435692e+01
1.439330199956364176e+01,4.827020289852424639e+01
2.726511834951240587e+01,1.345194941972723512e+01
1.043183315435416603e+01,9.189221821731158002e+01
3.289023578460992070e+01,9.244129615142465894e+00
1.254120745622597077e+01,6.358011308376065074e+01
1.022048595356154266e+01,9.573195072763552105e+01
3.913940649031392383e+01,6.527870473587524813e+00
8.653293214870332406e+01,1.335479297878069849e+00
1.487544771207638838e+01,4.519182797309401423e+01
1.523374056214399097e+01,4.309103146239772997e+01
1.476395083594200663e+01,4.587697979066744125e+01
1.424976075579515822e+01,4.924757544990583114e+01
1.667656915894528424e+01,3.595725932865237695e+01
1.094237781846722335e+01,8.351732734914237710e+01
1.041936287562409369e+01,9.211230985412967698e+01
1.318922555312210854e+01,5.748590983133696852e+01
1.036752526776879257e+01,9.303573543033381554e+01
2.705954171072825432e+01,1.365712002047784246e+01
1.228316016321455884e+01,6.627958347332395306e+01
8.678872850421467433e+01,1.327618661578224168e+00
1.282378234278312767e+01,6.080898069979616594e+01
2.576748196118930423e+01,1.506107733859135500e+01
1.576065611342548856e+01,4.025792752946362185e+01
3.188394384441870955e+01,9.836847279893225604e+00
1.393713442319289442e+01,5.148171693541985405e+01
1.140140875488213190e+01,7.692773898318449710e+01
1.439474283199656135e+01,4.826054023293211515e+01
6.433526560722317811e+01,2.416027111637476299e+00
1.226346605671391110e+01,6.649263340310879755e+01
1.495267819832834100e+01,4.472620256384695381e+01
1.002719602011492483e+01,9.945829044956860798e+01
1.315499869199480543e+01,5.778543428045481534e+01
1.463532908738775440e+01,4.668689757864731860e+01
1.248464981413630603e+01,6.415747591799174643e+01
2.590420419916841155e+01,1.490251234248131595e+01
5.103400270253887072e+01,3.839553606480488490e+00
3.363411642930282142e+01,8.839749405707800989e+00
1.426580745601713041e+01,4.913684682482032429e+01
3.415673855267142756e+01,8.571310126534756435e+00
1.441485579169288300e+01,4.812595891833925066e+01
2.892288549010783072e+01,1.195409667415060184e+01
1.235388971914259670e+01,6.552281685899799868e+01
1.215813165911027838e+01,6.764976869168381768e+01
1.651420322830887599e+01,3.666779125652153937e+01
1.311228129055554881e+01,5.816255621772648965e+01
1.526275918435692880e+01,4.292733188048472925e+01
4.625891147909040768e+01,4.673144193266460356e+00
1.636421724426542568e+01,3.734302774022325622e+01
1.013289874796154777e+01,9.739408771772109219e+01
2.741739689217779130e+01,1.330293785250347760e+01
1.005326336186078429e+01,9.894318367684388704e+01
1.789211405859359871e+01,3.123752983305843856e+01
1.022471817983542230e+01,9.565271618678771404e+01
1.722255979042342133e+01,3.371355869902384939e+01
5.194803650350166180e+01,3.705627203421881344e+00
1.641481172207007688e+01,3.711318175741062220e+01
1.316103461623938387e+01,5.773244323026867875e+01
1.971992742293845069e+01,2.571516856676496587e+01
1.262246757242037809e+01,6.276412413751399555e+01
1.067791043679117990e+01,8.770562594165589587e+01
3.889839844848967232e+01,6.609012278965879617e+00
3.998623385123998730e+01,6.254304143290415396e+00
1.223289274454927167e+01,6.682541493959122647e+01
4.174299154464678452e+01,5.738955539146117779e+00
1.008887816808382532e+01,9.824585688049717191e+01
1.141418551970004458e+01,7.675561325123852896e+01
1.166353369846121169e+01,7.350886261342192540e+01
1.381896281299972173e+01,5.236596410748476416e+01
1.215846731243698997e+01,6.764603358989836579e+01
2.534953459347197935e+01,1.556180680687274354e+01
1.133047829877286361e+01,7.789391159757401795e+01
1.280854478417559861e+01,6.095374836411831865e+01
1.318644934823032955e+01,5.751011793463489141e+01
1.279973064971889229e+01,6.103772505553483541e+01
1.315692282334318897e+01,5.776853387952832719e+01
1.292911297513844282e+01,5.982222187978378969e+01
1.282505456349644213e+01,6.079691703062172792e+01
1.558751854984443419e+01,4.115722010249723439e+01
1.373306628283247122e+01,5.302308198143314399e+01
1.372457136579454762e+01,5.308874029131429495e+01
1.895861929130483858e+01,2.782188741476295490e+01
4.181621047224297882e+01,5.718875656898366522e+00
1.483280208374097775e+01,4.545206260351370986e+01
1.493070132344485401e+01,4.485796671143717163e+01
2.256932576904728549e+01,1.963192243423263506e+01
1.194583999417126741e+01,7.007556583474688239e+01
2.772186967746474551e+01,1.301232689035750312e+01
1.091798952194536554e+01,8.389086137091368300e+01
1.179082544619361350e+01,7.193025169072282665e+01
1.454576680259803467e+01,4.726359569885274681e+01
5.522306380040462415e+01,3.279132792785921513e+00
1.144357003152008900e+01,7.636193706361278544e+01
1.023042773060417865e+01,9.554597937064055202e+01
3.057260861945513497e+01,1.069879846454553274e+01
1.459515618600557652e+01,4.694426095514783981e+01
1.271317292936720733e+01,6.187170599960883521e+01
1.564729723261728367e+01,4.084334804192157264e+01
1.042346128509266734e+01,9.203988866215910036e+01
4.648293934666089200e+01,4.628207633606809424e+00
1.409242479277766691e+01,5.035337075638363302e+01
1.329271376107353397e+01,5.659430019008936341e+01
1.207541864065484027e+01,6.857970421503371483e+01
1.552847600248952453e+01,4.147079200160990808e+01
1.037476487954929993e+01,9.290593825193836608e+01
1.141420750453439936e+01,7.675531757450103498e+01
7.043928445010814698e+01,2.015441184187898749e+00
1.051735467689444725e+01,9.040385711922743894e+01
1.272175879055837378e+01,6.178822027591033361e+01
1.472629015076087633e+01,4.611192935918974456e+01
1.420357759268707909e+01,4.956835469490897594e+01
1.001413211128012826e+01,9.971795579712937752e+01
1.165062866336191227e+01,7.367179971593219534e+01
1.350142367119711828e+01,5.485811353127574819e+01
2.325468283516034163e+01,1.849179876773000331e+01
1.364510169265042627e+01,5.370892335687947394e+01
1.240241155511268722e+01,6.501113117431333421e+01
3.242649285331216902e+01,9.510427548247509577e+00
1.483045099727264571e+01,4.546647486917088088e+01
1.160444333533184569e+01,7.425938968859706790e+01
1.170875391679022925e+01,7.294216390492340452e+01
1.367972271585607302e+01,5.343741128948337149e+01
1.375271203329422320e+01,5.287170322558205982e+01
1.332878287356838420e+01,5.628841416838734801e+01
1.178737834693317588e+01,7.197232838758344542e+01
2.089508799552951146e+01,2.290401350783329448e+01
1.277805897372809163e+01,6.124494143067371965e+01
5.928466858254419947e+01,2.845215770397649280e+00
1.466249260708595159e+01,4.651407488203294349e+01
1.447409420408688874e+01,4.773283291230271175e+01
1.091670335692163007e+01,8.391062994833438893e+01
4.166579517836422042e+01,5.760240956645505506e+00
1.156421684785761173e+01,7.477691542731101038e+01
1.347088774189832172e+01,5.510710114419713079e+01
1.474603533360742880e+01,4.598852277884078887e+01
1.247947452826620740e+01,6.421069965358466902e+01
1.021325003628622596e+01,9.586764776037391300e+01
1.433975973096220358e+01,4.863134161440322600e+01
1.565141222008687549e+01,4.082187422613798589e+01
1.694430464769913414e+01,3.482992166196000738e+01
1.494970564711891825e+01,4.474399075960535299e+01
1.012240386268973502e+01,9.759614834812454376e+01
1.703484421395456394e+01,3.446066607854298525e+01
1.851959413432504320e+01,2.915661287975813565e+01
1.543027396282088404e+01,4.200033225688471816e+01
1.101384354891424344e+01,8.243700286333114491e+01
1.514566103313639900e+01,4.359368023072885023e+01
1.043441617521723330e+01,9.184672834344343073e+01
6.927108088634278715e+01,2.083992114864448020e+00
1.271832276516694193e+01,6.182161061775362043e+01
7.891893772884465363e+01,1.605600660785046374e+00
1.464217819987824498e+01,4.664323071137236809e+01
2.162859569194402098e+01,2.137683254913020647e+01
1.167996019212905168e+01,7.330224482571088629e+01
1.587454714263774136e+01,3.968234332047467916e+01
1.671421343433302553e+01,3.579547359049396249e+01
1.713759167807902983e+01,3.404869082013822634e+01
9.224709780486831789e+01,1.175153441222079431e+00
5.998921839861037597e+01,2.778776343348080324e+00
3.530099555182361826e+01,8.024649882300630921e+00
2.705453893145701727e+01,1.366217128925961433e+01
1.140598127908244130e+01,7.686607248864038411e+01
1.376045295554702186e+01,5.281223416208032262e+01
1.167279397494962900e+01,7.339227657895955304e+01
1.548129345393727974e+01,4.172395939876231807e+01
1.531936819560955776e+01,4.261066295417240468e+01
1.330009435250793182e+01,5.653150612267075559e+01
1.080859770886408988e+01,8.559754208896686123e+01
1.390806199165124113e+01,5.169716938146523688e+01
4.525612843278912578e+01,4.882533183042934155e+00
1.081023957960010762e+01,8.557154277124480757e+01
1.524510525426215857e+01,4.302680969885050644e+01
1.200731213481869020e+01,6.935989054594780612e+01
1.567898940326141854e+01,4.067840040234770527e+01
1.241617677399802133e+01,6.486706164232506922e+01
1.367511883397003203e+01,5.347339795189920864e+01
1.357964381818433708e+01,5.422795688913885215e+01
1.002899969666445301e+01,9.942251929387687426e+01
1.516608381906521252e+01,4.347635199176762200e+01
1.210377651401683430e+01,6.825873061409042464e+01
7.143675990702354284e+01,1.959550693565881518e+00
1.360951284429733121e+01,5.399018808025976313e+01
1.679154323008167538e+01,3.546653624595660403e+01
1.374785098380556825e+01,5.290909923811749849e+01
1.634833310132488648e+01,3.741562843250602555e+01
1.564292732746435455e+01,4.086617068669267638e+01
1.253400622940236353e+01,6.365319208727176914e+01
2.526641106176308327e+01,1.566436827919305408e+01
6.919504604410583681e+01,2.088574612609051417e+00
6.752022029949625903e+01,2.193473029609893654e+00
2.815220116120442384e+01,1.261755730476576964e+01
1.123191364270585346e+01,7.926701218217010592e+01
3.539322964309449304e+01,7.982880205249138328e+00
1.662064627444415166e+01,3.619963456685005809e+01
1.680773426607878918e+01,3.539823871449889481e+01
1.043683341001054998e+01,9.180418873614085840e+01
1.007327166601442769e+01,9.855051696891278823e+01
1.167473673086345798e+01,7.336785265930738831e+01
1.409322951146809366e+01,5.034762059930388034e+01
4.904177263792280428e+01,4.157839117776010340e+00
3.128424189611978079e+01,1.021759606104089180e+01
1.244604814350953426e+01,6.455606450056690448e+01
1.524176606210125584e+01,4.304566453802444670e+01
1.449905948929010790e+01,4.756859634900359168e+01
1.127609513459980661e+01,7.864706815716117205e+01
1.390363069612724622e+01,5.173012795851205681e+01
3.311768386930094010e+01,9.117590601931381045e+00
1.641302507525739429e+01,3.712126213949645148e+01
1.121988749736435587e+01,7.943702948384219553e+01
7.851217713156080436e+01,1.622280541659522513e+00
1.184379990595132170e+01,7.128823737003935435e+01
1.673850060275800544e+01,3.569167218098854732e+01
1.449019786688814548e+01,4.762679622174787397e+01
6.517423071736381246e+01,2.354226113304711099e+00
1.074690489789851711e+01,8.658311145330921477e+01
3.034314881363892979e+01,1.086122238278623620e+01
1.586634810337940849e+01,3.972336613855860321e+01
1.777195374357387436e+01,3.166136625100520163e+01
1.048479928099781944e+01,9.096613828605762819e+01
1.670321014691348793e+01,3.584264986518206086e+01
1.047830333282924897e+01,9.107896084257650671e+01
1.128800780681169158e+01,7.848115715006721871e+01
3.499484153969488887e+01,8.165672117059132873e+00
1.155877771998548731e+01,7.484730641650213556e+01
1.771411939097157529e+01,3.186844443057705334e+01
1.010165475787212941e+01,9.799749099934727781e+01
5.112119830942877030e+01,3.826466797235209327e+00
5.988473151905660785e+01,2.788481620779724501e+00
1.701876976483145754e+01,3.452579391460463398e+01
1.446307886077494942e+01,4.780556898375680674e+01
1.660275632545206292e+01,3.627768889858332813e+01
1.601138185345301324e+01,3.900698378921128295e+01
1.434298318100066716e+01,4.860948520102313353e+01
7.429008268356636790e+01,1.811917070393406437e+00
1.536335225560802087e+01,4.236703030211132415e+01
1.111259271041379826e+01,8.097840260208592156e+01
1.181272459265984764e+01,7.166380155997568124e+01
1.645580286446199736e+01,3.692851535748580716e+01
1.082299188364689257e+01,8.537001042903656867e+01
1.728901015120091955e+01,3.345490041132323000e+01
7.626548998625784748e+01,1.719269149672036257e+00
1.933085726341297317e+01,2.676071863681048058e+01
1.540268079171629090e+01,4.215095024959360615e+01
1.389922893844358498e+01,5.176289805605124172e+01
1.334074358200494359e+01,5.618752811153171933e+01
1.337067957801251339e+01,5.593621004869613955e+01
1.174347483475178322e+01,7.251147793902640615e+01
1.042312556700807491e+01,9.204581777671285181e+01
1.086012735427931553e+01,8.478717467125488838e+01
6.079567074024254936e+01,2.705544562284433407e+00
1.237359178502846291e+01,6.531432329940754755e+01
1.370425180663546172e+01,5.324628840826995457e+01
1.405540764559940570e+01,5.061894720521409852e+01
2.179178531886165615e+01,2.105786690232309510e+01
1.498082281867098153e+01,4.455830530695253344e+01
7.538803424614188486e+01,1.759523864889898759e+00
8.751413191123748447e+01,1.305700653875232931e+00
7.387272182971909729e+01,1.832448586358154996e+00
1.225295720586212767e+01,6.660673823586053288e+01
2.124978991883706669e+01,2.214576659129045666e+01
1.307010638615016518e+01,5.853852223869404270e+01
1.786077277066042868e+01,3.134725446856046815e+01
1.484007073769809004e+01,4.540754874481766734e+01
1.484532556846730778e+01,4.537540842526191653e+01
1.549047708234182608e+01,4.167450143151179276e+01
2.157635609556295719e+01,2.148047089929237430e+01
1.706383072015606572e+01,3.434368813715352786e+01
1.379067919644229967e+01,5.258098145912608601e+01
1.531881837052704576e+01,4.261372178431920332e+01
1.358879186122369376e+01,5.415496839877804547e+01
1.035182067464663724e+01,9.331823581638647624e+01
7.554427855543107739e+01,1.752253127796973731e+00
6.077602922276126662e+01,2.707293593555996303e+00
1.015423158793253933e+01,9.698529066078963012e+01
1.033058425600384567e+01,9.370229580654648771e+01
1.261875749979862960e+01,6.280103643896550381e+01
1.398788745681295254e+01,5.110880671038900402e+01
1.247352411607738709e+01,6.427197684529321009e+01
1.185701876688188783e+01,7.112937382723575297e+01
5.729380484171883836e+01,3.046384178566823753e+00
1.350909339742616488e+01,5.479584032591134957e+01
1.443691892083472972e+01,4.797897493915248646e+01
1.099796317864099038e+01,8.267524248268246367e+01
3.440301769216118544e+01,8.449031367165709128e+00
1.150767441505093736e+01,7.551354661350247000e+01
1.328102417856462836e+01,5.669396944414246065e+01
1.695377630987556472e+01,3.479101527404935723e+01
1.027938330910648723e+01,9.463807074767407812e+01
1.349487154150050472e+01,5.491139669622200614e+01
1.798458416125355441e+01,3.091713191149580098e+01
1.526085983676347624e+01,4.293801790986682221e+01
3.326570641356281044e+01,9.036629971692072161e+00
1.594741856649066314e+01,3.932051647766422775e+01
1.549601700380207525e+01,4.164470897640200064e+01
1.555937446748780850e+01,4.130624663320136847e+01
1.090906440605801642e+01,8.402818606094133713e+01
1.018692635855325612e+01,9.636374433249942228e+01
1.671337328952832380e+01,3.579907240163873894e+01
2.132742421637987462e+01,2.198483371515158780e+01
1.180995739318233362e+01,7.169738868658052411e+01
1.318858136453683372e+01,5.749152570014065589e+01
1.019373355958710725e+01,9.623508718165066966e+01
1.413856722336285188e+01,5.002524195430758169e+01
1.068950704797062023e+01,8.751543263545009665e+01
5.984872249554918966e+01,2.791838107030570004e+00
1.266905772058475677e+01,6.230334590297820085e+01
1.772405143941237782e+01,3.183273811920149399e+01
1.017141038901322858e+01,9.665796455817037725e+01
1.433753311029240152e+01,4.864644769406564961e+01
1.357086954341550289e+01,5.429810196137372458e+01
1.062082193765711402e+01,8.865102154633032683e+01
6.042629091522788798e+01,2.738723104166436606e+00
4.392471406634395237e+01,5.183010800558169429e+00
1.028432420706865713e+01,9.454715865317747614e+01
1.164706191477604413e+01,7.371692852592690315e+01
3.328907331037591888e+01,9.023948099288633173e+00
1.371577745410554527e+01,5.315683812375105077e+01
1.040194003831844505e+01,9.242113721116392355e+01
1.027230076330631015e+01,9.476861784861209514e+01
1.071570792206243716e+01,8.708798956298657856e+01
1.397774490790202329e+01,5.118300489424470356e+01
1.598477765840368292e+01,3.913693404739564841e+01
1.371182351101861485e+01,5.318749916837298031e+01
1.210497257063629739e+01,6.824524239299078943e+01
1.297278062027689849e+01,5.942016483250431946e+01
4.846956514610918987e+01,4.256589341545020666e+00
1.534886637136589727e+01,4.244703797050528493e+01
9.018074838689889816e+01,1.229623996114474371e+00
1.112028642066666784e+01,8.086638950832696082e+01
7.331623308463537114e+01,1.860371653380608503e+00
2.238511003428721580e+01,1.995636933993507611e+01
1.108559680722818896e+01,8.137328380830214769e+01
8.474308966066094229e+01,1.392487842329361403e+00
1.543233765146106329e+01,4.198910002296476307e+01
1.140187357067788732e+01,7.692146694392026518e+01
1.807466086960708296e+01,3.060974312448825074e+01
1.226693753585244018e+01,6.645500459355110934e+01
1.126006303966550171e+01,7.887118322259925662e+01
1.222327647545807494e+01,6.693060178540990535e+01
1.057815180648550069e+01,8.936766472067657219e+01
5.871931512524653130e+01,2.900267372906552232e+00
1.135052573063441272e+01,7.761900030482473767e+01
1.669218665377427158e+01,3.589000635339768763e+01
1.338559522468977825e+01,5.581161941449658315e+01
1.290825744272618536e+01,6.001568442417732996e+01
5.357170471815220480e+01,3.484408521919966084e+00
1.653668766898430675e+01,3.656814684157929207e+01
3.778431094107984478e+01,7.004497536703655491e+00
7.591115454986777422e+01,1.735356898161202643e+00
1.030391187307119338e+01,9.418803332134704931e+01
1.232037228868444245e+01,6.587980992951541737e+01
8.344958922301513837e+01,1.435990588520614120e+00
1.291271020396360392e+01,5.997430048031563388e+01
1.028583968233013302e+01,9.451930029081439955e+01
4.583712669873276724e+01,4.759542705126648343e+00
1.658510081092665800e+01,3.635496816151075450e+01
1.541174806523968677e+01,4.210136706611279322e+01
1.907360315666235806e+01,2.748745396216114401e+01
1.352297076049046254e+01,5.468343431555712897e+01
1.206858877837190747e+01,6.865734750532052999e+01
5.981183291028819582e+01,2.795282960829032604e+00
1.206030804838361625e+01,6.875166153683167636e+01
2.249364732045608051e+01,1.976424537019335048e+01
1.387015172688662012e+01,5.198015572205710555e+01
1.515544664550538556e+01,4.353740301960534964e+01
1.301692323230060566e+01,5.901784029224337047e+01
1.159280218993206368e+01,7.440860268699452718e+01
1.275114637876167478e+01,6.150374164583775638e+01
1.000811201423832486e+01,9.983795691625110180e+01
1.840842172257908160e+01,2.950984237543550037e+01
1.042119090342509047e+01,9.207999702226553040e+01
1.818583988618586389e+01,3.023662221750276657e+01
1.467528042918702624e+01,4.643304684829635676e+01
1.476230288823425951e+01,4.588722305475871366e+01
4.970400503737209164e+01,4.047783080670960487e+00
1.230773821425318459e+01,6.601513253833022077e+01
1.709030704413116553e+01,3.423735999791938411e+01
1.028550089301202597e+01,9.452552704768457659e+01
2.397498031263279827e+01,1.739736525733094297e+01
1.721048193565961171e+01,3.376089384555646689e+01
1.467211175233351561e+01,4.645310493004345886e+01
1.150648321125003370e+01,7.552918243866587034e+01
1.804981273824852650e+01,3.069407845389284262e+01
1.375870172117780932e+01,5.282567910585353133e+01
1.494011186410041248e+01,4.480147385859121556e+01
1.042140864673590528e+01,9.207614925184746824e+01
1.226222332084325828e+01,6.650611170403055894e+01
1.044091300226295083e+01,9.173246119891231842e+01
1.038951567099190321e+01,9.264231417056241469e+01
1.569696399607096104e+01,4.058529207289094387e+01
3.617501378846375815e+01,7.641569886692769487e+00
1.274382901779951816e+01,6.157439141411180117e+01
7.133410554532780168e+01,1.965194590342348224e+00
1.268670727125015318e+01,6.213011558477631979e+01
1.373580025488144152e+01,5.300197666618008441e+01
1.237440440622870064e+01,6.530574526052684803e+01
1.120659057394694713e+01,7.962564969548294869e+01
1.233535453637178669e+01,6.571987480707845464e+01
1.837455766953460312e+01,2.961871506282924926e+01
2.447747639549320553e+01,1.669039900393611475e+01
1.638877499721058228e+01,3.723119830026767829e+01
1.596758342408347353e+01,3.922126639865791731e+01
1.005682355050741350e+01,9.887314286390609652e+01
1.017502476876077999e+01,9.658930692877490287e+01
1.823251964087322463e+01,3.008199396860192465e+01
1.074407955632875655e+01,8.662865449441912347e+01
1.060380811232088405e+01,8.893573115435361842e+01
6.674231577497249646e+01,2.244902363541572132e+00
1.084269927156895896e+01,8.505996015270393684e+01
1.230295854458143445e+01,6.606643594102804684e+01
1.693127249680731694e+01,3.488356009741142572e+01
1.056247873831134321e+01,8.963307679313471965e+01
1.034105851314747859e+01,9.351257347045900303e+01
1.268653904172542646e+01,6.213176334530135847e+01
1.071124552277267838e+01,8.716056792625769845e+01
1.011174776636443973e+01,9.780195687340425081e+01
1.498486591466992657e+01,4.453426382361234204e+01
1.420391478216608228e+01,4.956600129733325844e+01
9.058360270201166031e+01,1.218711252368479325e+00
1.344987225083039561e+01,5.527944591311302958e+01
2.130548119409177232e+01,2.203014244265601462e+01
4.380377426090632298e+01,5.211670323767069846e+00
4.839566874974585886e+01,4.269598222930242493e+00
1.001533196410366422e+01,9.969406448642578766e+01
1.474277085866723702e+01,4.600889140600936145e+01
1.302858451572631004e+01,5.891223929416707961e+01
1.785701197919800975e+01,3.136045969027695435e+01
1.319213290656743354e+01,5.746057451331388677e+01
1.414195553880016831e+01,5.000127341708080309e+01
1.413334774851103148e+01,5.006219762969115550e+01
1.163702857961136949e+01,7.384409939186998884e+01
1.019416513922740819e+01,9.622693894693577477e+01
6.261744698662946718e+01,2.550405794768999090e+00
1.372383167010702287e+01,5.309446326598784083e+01
3.319166605994748664e+01,9.076990797660560162e+00
6.889890209807754218e+01,2.106567584314730013e+00
1.863500468534777710e+01,2.879658498666494992e+01
1.021011350260721251e+01,9.592655764261269269e+01
1.067292087286461744e+01,8.778764943344836524e+01
1.310210509747859930e+01,5.825293913661831624e+01
1.392941663294334553e+01,5.153878108609609399e+01
1.079719045053072435e+01,8.577850566127160903e+01
4.474259334537223509e+01,4.995255358427802328e+00
1.187068605843467139e+01,7.096567878111439143e+01
6.710259902088023409e+01,2.220860688853991682e+00
1.446661370928013568e+01,4.778220970949110580e+01
5.563812844137580527e+01,3.230390128800858296e+00
5.546766149928667744e+01,3.250276343484479025e+00
1.392035993666759808e+01,5.160586597920572416e+01
1.012193904820853874e+01,9.760511207423250823e+01
1.136644193295831329e+01,7.740177581760140413e+01
1.404149510467556183e+01,5.071930504525327166e+01
1.597920141384378923e+01,3.916425396018780702e+01
1.846510054987790994e+01,2.932895884882447390e+01
1.307971441489631914e+01,5.845255197825321858e+01
1.003019424267788118e+01,9.939883925358084582e+01
1.094353474263456327e+01,8.349966978067163836e+01
2.092855637857717710e+01,2.283081711986704221e+01
1.769589056076368649e+01,3.193413467323289012e+01
1.439933402326830958e+01,4.822976963664280703e+01
7.984837206583870284e+01,1.568439847967550094e+00
2.069968063469675457e+01,2.333848764884006499e+01
1.094727043602114414e+01,8.344269193510127991e+01
1.199161255527945258e+01,6.954162322426475384e+01
1.928367980044817642e+01,2.689181883968588238e+01
1.100630530809533880e+01,8.254996407454557072e+01
1.821060932945892219e+01,3.015442453359976582e+01
7.609517156470711541e+01,1.726973998861973447e+00
2.491737184409701911e+01,1.610629070509624583e+01
1.380573430086855957e+01,5.246636523889090142e+01
1.000436810372585583e+01,9.991269513315359063e+01
2.116356515778756631e+01,2.232658710007839531e+01
6.015906181471093817e+01,2.763108191984843032e+00
1.763860553353851301e+01,3.214189694374876893e+01
5.487443375837035831e+01,3.320931337060563315e+00
3.631170841372038183e+01,7.584145135109444880e+00
1.893248209854674613e+01,2.789875932072157738e+01
1.149344474873706545e+01,7.570064417497253828e+01
1.054872357681364292e+01,8.986698590605404036e+01
3.908607336743152416e+01,6.545697244885101185e+00
1.013370499281423953e+01,9.737859084697770129e+01
1.012692511862435296e+01,9.750902246180643829e+01
1.608436977518824662e+01,3.865377392773618936e+01
1.210446928587122528e+01,6.825091757031854911e+01
1.089498535899370069e+01,8.424549726183590792e+01
1.450473245444169734e+01,4.753139439183907911e+01
1.798858069561556761e+01,3.090339568001709480e+01
1.082502309671192897e+01,8.533797568691664992e+01
1.445565048366952254e+01,4.785471364692934060e+01
1.280753906772772055e+01,6.096332156844010797e+01
6.982224189814220949e+01,2.051220845510114632e+00
1.598678226456714668e+01,3.912711978719340777e+01
2.291138916866215780e+01,1.905009542802060452e+01
1.068987669194596002e+01,8.750938036860932812e+01
1.737436150835326742e+01,3.312701411290046138e+01
1.412692704609207262e+01,5.010771460850964587e+01
1.328796008814707008e+01,5.663479984733460526e+01
6.004918198003267094e+01,2.773229483853934418e+00
3.684850608259518623e+01,7.364787651208131614e+00
2.755249160166157552e+01,1.317280438485110849e+01
1.466099379540784042e+01,4.652358575191955481e+01
1.086599383133560792e+01,8.469564733365601228e+01
1.442828360206661564e+01,4.803642289865424431e+01
1.081814402287953136e+01,8.544654012839112056e+01
1.953957094777679515e+01,2.619207789182070911e+01
1.190668610430260443e+01,7.053719591368866304e+01
1.036343982533027663e+01,9.310910239489257378e+01
8.478517619911191616e+01,1.391105750547037223e+00
1.003731055918244941e+01,9.925794437061179565e+01
4.115412662789685783e+01,5.904365323314841874e+00
1.194129432473281938e+01,7.012892704977167568e+01
1.128196412785350233e+01,7.856526342030549870e+01
1.785406265639542411e+01,3.137082145051688187e+01
1.212262222185080773e+01,6.804666689210125696e+01
1.011571238751827551e+01,9.772530943467698705e+01
1.224959379005404969e+01,6.664332016926796598e+01
1.725774721985850491e+01,3.357621932733927395e+01
1.712971156370396741e+01,3.408002459843681464e+01
1.542001683620627794e+01,4.205622661959867514e+01
1.131317075827611696e+01,7.813242709399501962e+01
1.943208307673157265e+01,2.648264037347528088e+01
1.133433796248636227e+01,7.784087045549196660e+01
1.220269609192612670e+01,6.715655497078230951e+01
1.164662928450513668e+01,7.372240526367122015e+01
1.315661205182434657e+01,5.777126300568566108e+01
1.530183665951340899e+01,4.270835819613054696e+01
1.376220626616084353e+01,5.279877841951905282e+01
3.991833486365489847e+01,6.275598723025368031e+00
1.001482819843782046e+01,9.970409435592044645e+01
1.626236924866603317e+01,3.781223639769532952e+01
1.397343352195958310e+01,5.121459394218177152e+01
9.339646913005958595e+01,1.146407672763134267e+00
1.065792680607470544e+01,8.803483067509237969e+01
1.481816959109992204e+01,4.554187198774782530e+01
1.422514641170219996e+01,4.941815302980736391e+01
1.264392965791213896e+01,6.255123055472653704e+01
1.045459581369762425e+01,9.149250230890461921e+01
1.659811978727145387e+01,3.629795943341913755e+01
1.072772846420514270e+01,8.689293273406738649e+01
1.576372205935830628e+01,4.024226921911566990e+01
1.278116400080093129e+01,6.121518763018888620e+01
1.067403451533171754e+01,8.776933228178467061e+01
1.424747506350142423e+01,4.926337808615623004e+01
4.171159891170267286e+01,5.747597198781601691e+00
1.964488591249578064e+01,2.591200256620026465e+01
1.952873703074408596e+01,2.622114700259810505e+01
1.030657268455822617e+01,9.413940721482838114e+01
1.655235842690786541e+01,3.649893866018034316e+01
1.617390366848811567e+01,3.822700697016540516e+01
1.415264137335829098e+01,4.992579582813709749e+01
1.202339017463725668e+01,6.917451430087430708e+01
1.139072512524912284e+01,7.707211133651557589e+01
1.032409873005439493e+01,9.382005902559740207e+01
1.821124174944506890e+01,3.015233023054424777e+01
8.586640605175529117e+01,1.356292712752290353e+00
1.076551299246809457e+01,8.628405384208322459e+01
3.857261527168775928e+01,6.721122776604092408e+00
1.368841375170986652e+01,5.336957596111744806e+01
1.090049028962907762e+01,8.416042796646706847e+01
1.025260107875770288e+01,9.513315079693957443e+01
1.113222133340494580e+01,8.069308789832119544e+01
1.326699044809659789e+01,5.681397385573614400e+01
1.604544948295734130e+01,3.884152070986634442e+01
1.661499751501690980e+01,3.622425302217771304e+01
1.216610203826372327e+01,6.756115893266300532e+01
1.978705039452113468e+01,2.554099901300241626e+01
1.654231836772572706e+01,3.654325683875988773e+01
5.388742503153480357e+01,3.443698620731931115e+00
1.287218937327625667e+01,6.035248533688783112e+01
1.011404452056250669e+01,9.775754307835258317e+01
1.165939430224050000e+01,7.356106709581143832e+01
1.634048156020912046e+01,3.745159321380219808e+01
2.084855876660085983e+01,2.300636065866696001e+01
1.370892656582864078e+01,5.320998051280620444e+01
1.061837456316263584e+01,8.869189169100400250e+01
1.446542642951155422e+01,4.779005367860096953e+01
1.039574937253101616e+01,9.253124350725776992e+01
1.336308563076730493e+01,5.599980274510594569e+01
1.971430785755708825e+01,2.572983087883981668e+01
5.521013950787142477e+01,3.280668214805399163e+00
1.673083825317173279e+01,3.572437164168077572e+01
1.174196316332222523e+01,7.253014953318240998e+01
1.694877222793001792e+01,3.481156222458010063e+01
3.735079411767271296e+01,7.168038352940074631e+00
1.076528495479953662e+01,8.628770933712117142e+01
1.039712736825115336e+01,9.250671765442820060e+01
4.630212394274298759e+01,4.664425636757217219e+00
1.191836598315264872e+01,7.039901217042947223e+01
1.074237920834915627e+01,8.665608054451894304e+01
1.029550469580939698e+01,9.434192161046048852e+01
1.589925620514632953e+01,3.955909836108062194e+01
1.161273929513782655e+01,7.415332808725968050e+01
1.076356525950463627e+01,8.631528392197310495e+01
4.660848024577413184e+01,4.603308866802850119e+00
1.193975565304017117e+01,7.014700318983456384e+01
3.355761956019137671e+01,8.880096957113721601e+00
1.403930228366225919e+01,5.073515014087446673e+01
1.638014445740174096e+01,3.727044215327581611e+01
1.367740319233793933e+01,5.345553751427193845e+01
1.008239393531368577e+01,9.837226611617238348e+01
1.390038558118532741e+01,5.175428409508505467e+01
1.450278046767289197e+01,4.754419013083832368e+01
1.109783098930052425e+01,8.119397186262840194e+01
1.612712567980738854e+01,3.844908943128876189e+01
1.511657192550116235e+01,4.376161795872946669e+01
1.170966729525526873e+01,7.293078506697241892e+01
1.325364503035174124e+01,5.692844620523068500e+01
6.053463516462320371e+01,2.728928401987287256e+00
1.023298694241088747e+01,9.549819433523796874e+01
1.075009789343986455e+01,8.653168523662749578e+01
1.106928247003767929e+01,8.161332276152651843e+01
1.170293323814492936e+01,7.301474032177277707e+01
1.526740904109018970e+01,4.290118788361406388e+01
2.400316591672293498e+01,1.735653169792563233e+01
5.488938460093850580e+01,3.319122464179345755e+00
1.529219735230137367e+01,4.276221686991946314e+01
3.281938421400685257e+01,9.284085762621979043e+00
1.043206723404377634e+01,9.188809442092329505e+01
1.093364782020700865e+01,8.365074982858330088e+01
2.202235891751175600e+01,2.061922449641972221e+01
2.160604395555662549e+01,2.142148082311886625e+01
1.436901968999197443e+01,4.843348507301217865e+01
1.803863961387201797e+01,3.073211402361153688e+01
1.029057562479732724e+01,9.443232071294387708e+01
1.042805504878297462e+01,9.195881575476423109e+01
1.723546323866728969e+01,3.366309781926978673e+01
1.072121892417047384e+01,8.699848131849948629e+01
1.296108045668070297e+01,5.952749221884970865e+01
1.795692125537541983e+01,3.101246189223880023e+01
1.892752237937054716e+01,2.791338227431074870e+01
1.197149655964294723e+01,6.977552452211619993e+01
2.025475366002346433e+01,2.437508106649055151e+01
1.060482964443916210e+01,8.891859814360441305e+01
1.282336725749061834e+01,6.081291746953086630e+01
1.081577063546214212e+01,8.548404462081563793e+01
1.469551497474805046e+01,4.630526571779500955e+01
1.533688755690338823e+01,4.251337004183243096e+01
1.692371350238872196e+01,3.491472861412611195e+01
1.462221505636494179e+01,4.677067804181594823e+01
1.388262979535361730e+01,5.188675548637458235e+01
1.073989935805086304e+01,8.669610306421346024e+01
4.624718465981813154e+01,4.675514416046659960e+00
1.350928380511652094e+01,5.479429568801346306e+01
5.041546420429935438e+01,3.934345172810634672e+00
1.110721380291243854e+01,8.105685266405542677e+01
1.779871876588655510e+01,3.156621557990671789e+01
1.732292701462469964e+01,3.332402478308666360e+01
1.257929832575873341e+01,6.319564727033680640e+01
1.096991731207262610e+01,8.309852057392552638e+01
2.382462154274771393e+01,1.761765004338610296e+01
1.728955977744904970e+01,3.345277341684057859e+01
2.045526014690468131e+01,2.389956441252975239e+01
1.738212551926178051e+01,3.309742727581379995e+01
4.502798637225045297e+01,4.932134916656917056e+00
1.203348805505891583e+01,6.905846766647970014e+01
1.105516037342883351e+01,8.182196512153886658e+01
1.003714304798672963e+01,9.926125745594097793e+01
1.067498501249381881e+01,8.775370307254254953e+01
1.635243680516932585e+01,3.739685161116448597e+01
1.768656411312755594e+01,3.196782245555849045e+01
1.622007174990443801e+01,3.800970141473905528e+01
1.410459937271312825e+01,5.026648185611064434e+01
1.142982357543999328e+01,7.654572594521094686e+01
1.657793573430028999e+01,3.638640059418325734e+01
1.772700059702998843e+01,3.182214727475121308e+01
3.503504263290042076e+01,8.146943405204847721e+00
1.091395478377985562e+01,8.395289941891239494e+01
2.018779975188851239e+01,2.453703167798512297e+01
1.603506466763211691e+01,3.889184699702397552e+01
1.130832836677416786e+01,7.819935631566988832e+01
1.146762215006085484e+01,7.604195089176091926e+01
1.031288166018299712e+01,9.402426159855488663e+01
1.221063390823251638e+01,6.706926988279009549e+01
1.164074163885078228e+01,7.379699864947873778e+01
1.172053913618288057e+01,7.279554825816316566e+01
7.203167434069735009e+01,1.927316237374606445e+00
1.287138472847559711e+01,6.036003135193993074e+01
1.488038740559355766e+01,4.516182919399768281e+01
1.212544979698266800e+01,6.801493452220151426e+01
1.138026159470268972e+01,7.721390370680420290e+01
4.896244964882412631e+01,4.171322078295869318e+00
2.274853478743530033e+01,1.932382702264670371e+01
1.122262459559408043e+01,7.939828624037471627e+01
1.540177242671267877e+01,4.215592234970026908e+01
1.837463690252824833e+01,2.961845962655423037e+01
1.024608374846561354e+01,9.525421390164228796e+01
3.600811932659870962e+01,7.712570052892030681e+00
1.573464366450144070e+01,4.039114604084615223e+01
1.054752077060151016e+01,8.988748337356956597e+01
5.755717108673702853e+01,3.018569080714500252e+00
1.264073115400188563e+01,6.258288943033106477e+01
4.581939923728204178e+01,4.763226338410464500e+00
8.417363425573390145e+01,1.411392622175292821e+00
1.710089977902442726e+01,3.419495814071981243e+01
1.074342014159772773e+01,8.663928908996660994e+01
1.351458497863826302e+01,5.475131736498801871e+01
1.606397482059614745e+01,3.875198653272354932e+01
1.960686759978826643e+01,2.601258831357038659e+01
1.466098113676558157e+01,4.652366609111069806e+01
4.918737299779579786e+01,4.133260172690989442e+00
1.069735023383058170e+01,8.738714887205446757e+01
1.628980392882267836e+01,3.768497973223382758e+01
7.251186937952930123e+01,1.901874243484225069e+00
1.003778569334665427e+01,9.924854793085678750e+01
1.037225822432021083e+01,9.295084868344464724e+01
1.394114170039443934e+01,5.145212511789308962e+01
1.004133640448269560e+01,9.917836989803637948e+01
1.335403292675124298e+01,5.607575305504869334e+01
1.521834388313105357e+01,4.317826755084450951e+01
1.651836729705969731e+01,3.664930662595924815e+01
1.438093222829099460e+01,4.835327792509202993e+01
2.313457169880615893e+01,1.868431036652248878e+01
1.077546651921993437e+01,8.612472264716670622e+01
1.108639122123680032e+01,8.136162234710995733e+01
1.072450774483036007e+01,8.694513089201417699e+01
2.142508715259066321e+01,2.178486161902405982e+01
4.672228630506936042e+01,4.580910716162200025e+00
1.885627837910040228e+01,2.812470900777591254e+01
1.150055574079786069e+01,7.560705908748640525e+01
2.125910217643146538e+01,2.212636954301039438e+01
1.182665148848636427e+01,7.149512039902536742e+01
1.070489890364261498e+01,8.726394842771335902e+01
1.342390225215916288e+01,5.549354100692058722e+01
1.571935186899731640e+01,4.046976932980492592e+01
1.158234496667348523e+01,7.454302428011401105e+01
1.207544266447030168e+01,6.857943133981659400e+01
1.364058829725163235e+01,5.374447163478264144e+01
1.637917046053351200e+01,3.727487490197466968e+01
2.030227296254679814e+01,2.426111044695474206e+01
8.445577939126870604e+01,1.401978171344769430e+00
2.133972408308443036e+01,2.195949762429382446e+01
5.447519322455700319e+01,3.369786928037580953e+00
1.368340952519639941e+01,5.340861919561429971e+01
4.004509021436798832e+01,6.235933097962269578e+00
6.838986542541958613e+01,2.138043326285945067e+00
1.250644166458218365e+01,6.393408830877415028e+01
1.032058436464177476e+01,9.388396511784569043e+01
1.370260279877104459e+01,5.325910478087926236e+01
4.110602656345829331e+01,5.918191350165716180e+00
1.801221185367301914e+01,3.082236132559113173e+01
1.762167009709967047e+01,3.220370704679688600e+01
1.377386231985059162e+01,5.270945489041994847e+01
1.100066480201934205e+01,8.263463949276199116e+01
1.899830039241725999e+01,2.770578753655785320e+01
1.150100655288499674e+01,7.560113197007530061e+01
5.592421008658773474e+01,3.197424386347719860e+00
1.106640685498523169e+01,8.165574285225518736e+01
1.666296137454105875e+01,3.601601220147432514e+01
2.501831997663951412e+01,1.597657618047447770e+01
4.978057464058882431e+01,4.035340525199157646e+00
1.638911265706717302e+01,3.722966419017415518e+01
1.167432942463691603e+01,7.337297221751531140e+01
2.558986242892575902e+01,1.527088117117321353e+01
1.756036613347570352e+01,3.242894846866511216e+01
1.762808298097225546e+01,3.218028066863798387e+01
1.166125279255370728e+01,7.353762164978488158e+01
1.182870391779670705e+01,7.147031194136724253e+01
1.275513397119750358e+01,6.146529226233371190e+01
1.287252960650384104e+01,6.034929503161901465e+01
1.803393304850629519e+01,3.074815728802812487e+01
1.441552351038765956e+01,4.812150068853961216e+01
1.204551546747725332e+01,6.892062715634897074e+01
4.507153767518299503e+01,4.922607967498635162e+00
1.939264896153454032e+01,2.659045249162407387e+01
1.051242172095564342e+01,9.048872108087277866e+01
1.440192989117116795e+01,4.821238490712728009e+01
1.247648512798477149e+01,6.424147346170435924e+01
1.150577218608386865e+01,7.553851771977151941e+01
3.682729730437067417e+01,7.373272831306925568e+00
1.126346976631216101e+01,7.882347999561801544e+01
1.110990433637303454e+01,8.101759764254197194e+01
2.985695260959637665e+01,1.121783486066094859e+01
1.687338004844574968e+01,3.512334123573261024e+01
1.405152651673945741e+01,5.064691367394538446e+01
1.089647872524694883e+01,8.422240709396410807e+01
1.286671559677333043e+01,6.040384674048905822e+01
1.979117078470158475e+01,2.553036518768110952e+01
1.023162932271784697e+01,9.552353904363930326e+01
1.347775426365239149e+01,5.505096453404053136e+01
1.506972571357170132e+01,4.403411827059845507e+01
1.911263586110247914e+01,2.737529631929493235e+01
3.312648286471095105e+01,9.112747649934865635e+00
1.045045422744270525e+01,9.156503488344011998e+01
1.682531818630314646e+01,3.532428890304266389e+01
1.468153356748403837e+01,4.639350187447680440e+01
1.723735876813357493e+01,3.365569461019838116e+01
1.054366656269616165e+01,8.995321162245916469e+01
6.178327270662311577e+01,2.619739938360435172e+00
2.395087367086392760e+01,1.743240390498634440e+01
1.351296518266320668e+01,5.476444420690329906e+01
2.492961563901627997e+01,1.609047387929570405e+01
1.150478512595933367e+01,7.555148002309093158e+01
1.056408343788864634e+01,8.960584807291886023e+01
1.528488301636264168e+01,4.280315301010461582e+01
1.284809549505698989e+01,6.057905415160782070e+01
1.197548925393718555e+01,6.972900518739545817e+01
1.631642717071714799e+01,3.756210015942401270e+01
1.291917590869524268e+01,5.991428441035834140e+01
1.188481350386167357e+01,7.079706563772036532e+01
1.126016718520175530e+01,7.886972426669736080e+01
2.649046751714205783e+01,1.425019325086955213e+01
1.047530570488415158e+01,9.113109486327908826e+01
1.137460984043331713e+01,7.729065401869961249e+01
1.304461576798625799e+01,5.876752723049145288e+01
1.132638210667911771e+01,7.795026253425682228e+01
1.325807071057196929e+01,5.689044594824412826e+01
1.103283427170918252e+01,8.215345090249888926e+01
1.024075230686427673e+01,9.535342037738715248e+01
5.497545278229213039e+01,3.308737930711715958e+00
1.795190266707164994e+01,3.102980384605851683e+01
1.214576398615993291e+01,6.778761036118940808e+01
1.241712724258006872e+01,6.485713152833965012e+01
1.072571432015050696e+01,8.692557043284355700e+01
2.015788257250237692e+01,2.460991865057210504e+01
1.663322677689143347e+01,3.614489625619368951e+01
1.499561926548049229e+01,4.447041572948481303e+01
1.423166848560166819e+01,4.937286881134991035e+01
1.546620517254194205e+01,4.180540793938963873e+01
1.102426338526621485e+01,8.228124204616284487e+01
2.786743787387891302e+01,1.287673970444707194e+01
1.685459993956066427e+01,3.520165667051531955e+01
1.734551358675356880e+01,3.323729510108451279e+01
1.422713302818860726e+01,4.940435291098120985e+01
1.671279266047722345e+01,3.580155987849914112e+01
1.320500052368025301e+01,5.734864412365203634e+01
1.452255131642530017e+01,4.741482592669849794e+01
1.369879216756970486e+01,5.328873936933732125e+01
1.185521193593133127e+01,7.115105687237610255e+01
1.538869780539001120e+01,4.222758622577948273e+01
1.512825183068169821e+01,4.369407092922068614e+01
2.238604369147445183e+01,1.995470472966537301e+01
1.076408077466755486e+01,8.630701646782448222e+01
1.448404272297415574e+01,4.766728382303893596e+01
1.462959893364406483e+01,4.672347759620978280e+01
1.703349965994543780e+01,3.446610665815072849e+01
1.440991353726639979e+01,4.815897667676280491e+01
1.902003005704226979e+01,2.764251807094484903e+01
1.159049000694111520e+01,7.443829314290107391e+01
1.356296269609274319e+01,5.436142912002085836e+01
1.613088524714362038e+01,3.843116913820885117e+01
1.211297898933531947e+01,6.815505493275102822e+01
1.098741768467008839e+01,8.283401858248974747e+01
1.990493790353926329e+01,2.523936044394402245e+01
1.255983140252621766e+01,6.339169738580063296e+01
5.166428923386926897e+01,3.746442590669056383e+00
1.089120839832507137e+01,8.430393836238152971e+01
1.310387669582291181e+01,5.823718901370023815e+01
1.330630128665441880e+01,5.647877839771079778e+01
7.315044162500899461e+01,1.868814070105959235e+00
1.213693785894191635e+01,6.788623814128381184e+01
1.223062935803647200e+01,6.685015050040287576e+01
1.408298303760955328e+01,5.042091093140563629e+01
1.078377032441082761e+01,8.599213681684274491e+01
1.331349240706353321e+01,5.641778222987097990e+01
1.100368158932792717e+01,8.258933520862470345e+01
1.432903877289855465e+01,4.870414058270788615e+01
1.612345184274030885e+01,3.846661319535070334e+01
1.614904114549985437e+01,3.834480361806273407e+01
7.628818118883924626e+01,1.718246540873646033e+00
1.293715903757847840e+01,5.974783404049023972e+01
1.039870129098599705e+01,9.247871657943775858e+01
5.935531462965008842e+01,2.838446919814539005e+00
1.106211267612752280e+01,8.171915070802262449e+01
1.595084456739244239e+01,3.930362738351310981e+01
4.897926075073092989e+01,4.168459132425078373e+00
1.345206906371476130e+01,5.526139238059256087e+01
1.818249119992674068e+01,3.024776065658183200e+01
1.062338375851899031e+01,8.860827044967012966e+01
1.166500984517904449e+01,7.349025945713880503e+01
1.219566170397034810e+01,6.723404834723622514e+01
1.391641568224570058e+01,5.163512286758815151e+01
1.321351187635835878e+01,5.727478679741750511e+01
1.523819728272145646e+01,4.306582945203211210e+01
1.081480551409215352e+01,8.549930262234707357e+01
1.042213014264473614e+01,9.206340132707519786e+01
1.270069104416725025e+01,6.199337733452446031e+01
1.306987179062063120e+01,5.854062371284631894e+01
1.827264964785908319e+01,2.995000818131054388e+01
1.584048116941909257e+01,3.985320570978154109e+01
1.407718615914011195e+01,5.046244537867767832e+01
1.077918060738475603e+01,8.606538238439621580e+01
1.655962825452531106e+01,3.646689896162604327e+01
1.421032682306381645e+01,4.952128064768513127e+01
1.099395950546132994e+01,8.273546917749821716e+01
3.546237186533790720e+01,7.951781552438316858e+00
2.259075238991323076e+01,1.959469956826080406e+01
1.835327686869243635e+01,2.968744125338382744e+01
1.666569450356161042e+01,3.600420011209772753e+01
1.808344189908421740e+01,3.058002314094683527e+01
1.756020286320843127e+01,3.242955150357757788e+01
1.326239571242215654e+01,5.685334689473855718e+01
1.778745287819429421e+01,3.160621389337988418e+01
2.621984691979994864e+01,1.454586981686205327e+01
1.042191064681461299e+01,9.206727926197184786e+01
1.982795581507364346e+01,2.543572465884120959e+01
1.854832950106186118e+01,2.906634308190829685e+01
4.098011340689346582e+01,5.954615014618163116e+00
1.020506983403844181e+01,9.602140095707862599e+01
6.343714604113183952e+01,2.484921806433230795e+00
1.249774114011664139e+01,6.402313699660469126e+01
1.523645354353382508e+01,4.307568737223819255e+01
1.642564045978954113e+01,3.706426355079399571e+01
1.150953637074106517e+01,7.548911617595015855e+01
1.024700324803575135e+01,9.523711967869586204e+01
1.236083010257381964e+01,6.544925775321281947e+01
1.090186570100683916e+01,8.413919345278870310e+01
1.207005088315152896e+01,6.864071490668500530e+01
1.363603033503529538e+01,5.378040675753010902e+01
1.813686442569929369e+01,3.040014021649902176e+01
1.927037583985161362e+01,2.692896302408041720e+01
2.266012445360638239e+01,1.947490816816250359e+01
2.176526486199485433e+01,2.110921518520664364e+01
1.274180746126716635e+01,6.159393118317059646e+01
1.210026919962207081e+01,6.829830651455245061e+01
2.770473757527382119e+01,1.302842503536797736e+01
1.008877632360490040e+01,9.824784044089794577e+01
1.899266993762329747e+01,2.772221695986927159e+01
1.226043440173535615e+01,6.652552092394378747e+01
1.321250364218734141e+01,5.728352830501339810e+01
1.553222817752489249e+01,4.145075793134486730e+01
1.399776551051774476e+01,5.103669842969625847e+01
1.244419884061568915e+01,6.457525297370060002e+01
1.416627238764565533e+01,4.982976325093554237e+01
1.340305966124908288e+01,5.566626701392869592e+01
1.063496248497402519e+01,8.841543245555260455e+01
1.231028427521692947e+01,6.598782834829131616e+01
1.963015782716827573e+01,2.595089958925268192e+01
1.922393293075158383e+01,2.705923502556946758e+01
1.505542319179305721e+01,4.411782207344898410e+01
1.161255689168626404e+01,7.415565762232108682e+01
1.755494858406929382e+01,3.244896704501229578e+01
9.744811182320792398e+01,1.053060063776744215e+00
1.298365918514983619e+01,5.932063429063386195e+01
2.037693557815716261e+01,2.408364711760818011e+01
1.181317768984031069e+01,7.165830430181694055e+01
1.162088944376740507e+01,7.404935175769206523e+01
1.518999915464000949e+01,4.333956027274508926e+01
1.798483666763317856e+01,3.091626376702629742e+01
1.086129818482135256e+01,8.476889581336160973e+01
1.046839382319715561e+01,9.125147537277341314e+01
1.366492210409736963e+01,5.355323115162417480e+01
7.221916128978833171e+01,1.917322280317585559e+00
1.813554795101471129e+01,3.040455392020298220e+01
1.432122961455564258e+01,4.875727038405747749e+01
2.819105743025405886e+01,1.258279923813075385e+01
2.340425651863281331e+01,1.825619647582261607e+01
1.964359386724708045e+01,2.591541137021772556e+01
1.280094728839518048e+01,6.102612320664661638e+01
1.448881390899959420e+01,4.763589518992406369e+01
1.265285860245727712e+01,6.246297865564463336e+01
1.288089762124252857e+01,6.027090922832076103e+01
5.778034193190885048e+01,2.995296264233490824e+00
1.423560415239143495e+01,4.934557270263457696e+01
1.005614338802916841e+01,9.888651818554944839e+01
4.438681307504309359e+01,5.075654727525863663e+00
1.310882696784011792e+01,5.819321322631099491e+01
1.313976064658663745e+01,5.791953834370079335e+01
1.383749966649344110e+01,5.222575813845463699e+01
1.018514977252484321e+01,9.639736453772863456e+01
1.288402150401228674e+01,6.024168598780755701e+01
1.480435343229160772e+01,4.562691553192738070e+01
1.062784692823191790e+01,8.853386390016767393e+01
1.866885960557655366e+01,2.869223773250391929e+01
1.860694956331014538e+01,2.888348808310187010e+01
2.133678577665139287e+01,2.196554616193389720e+01
2.192233962615608789e+01,2.080780152429457530e+01
1.283194174766316209e+01,6.073167247066187002e+01
1.231054726715340664e+01,6.598500896406511629e+01
1.873922664363866275e+01,2.847715979930429953e+01
1.705586671208192584e+01,3.437576827367737309e+01
1.282646807181378001e+01,6.078351782950436899e+01
1.502526601674355966e+01,4.429509734724776138e+01
1.116253787922217633e+01,8.025537136855800213e+01
2.255041314851047574e+01,1.966486611419980690e+01
2.080486433730258966e+01,2.310309817129819265e+01
1.440089524369810725e+01,4.821931289504915696e+01
1.540358531636878858e+01,4.214600004437638603e+01
1.453941803809469668e+01,4.730488083846292824e+01
1.331279150121046939e+01,5.642372307176631097e+01
1.448862011341535982e+01,4.763716952630757362e+01
1.323184799340766737e+01,5.711615898722621409e+01
2.621179815187857187e+01,1.455480429017119448e+01
1.463169180609138742e+01,4.671011218547328525e+01
1.196400747361714600e+01,6.986290635602479426e+01
8.674730200303420702e+01,1.328886982947864670e+00
1.063837617434591110e+01,8.835869928650218696e+01
1.768842622683202848e+01,3.196109211265489236e+01
1.139515686774216974e+01,7.701217406048797898e+01
1.458466890292427465e+01,4.701179690820696777e+01
1.347604705882460507e+01,5.506491361348843583e+01
1.800440223768671544e+01,3.084910623032077126e+01
1.184210278226333202e+01,7.130867185331999281e+01
1.218080016287637868e+01,6.739821016117163310e+01
1.064103659897440757e+01,8.831452271183252378e+01
1.031426132198920342e+01,9.399910943252302786e+01
5.276062903339101240e+01,3.592361807669227858e+00
4.283824983332176828e+01,5.449247848023463625e+00
1.685436301187273500e+01,3.520264636152189297e+01
1.611905299456097040e+01,3.848761094004441929e+01
1.505825915331199916e+01,4.410120598752941135e+01
1.390058712782249550e+01,5.175278332016053184e+01
1.534449561978122922e+01,4.247122278384311045e+01
1.770393869312701085e+01,3.190510703939680326e+01
1.069346507104850019e+01,8.745065961854622572e+01
1.346915987856035279e+01,5.512124065222585045e+01
2.122720745489035821e+01,2.219291099258470723e+01
3.023272709948196635e+01,1.094070611391988734e+01
1.316787861976070495e+01,5.767244596357015496e+01
1.636579686250921384e+01,3.733581942868674020e+01
1.312363447610155198e+01,5.806196751728976579e+01
1.364502401643141205e+01,5.370953484982565129e+01
1.268607769624621007e+01,6.213628242992731998e+01
2.396462122252796689e+01,1.741240908583868929e+01
1.140633740022815346e+01,7.686127283989780778e+01
1.497537485583849737e+01,4.459073135965287804e+01
1.526436945399317935e+01,4.291827537366288681e+01
1.075173489706546626e+01,8.650533750760240537e+01
1.053597063697784542e+01,9.008467099942437528e+01
1.209103383851237368e+01,6.840268144647602355e+01
1.320508995673431230e+01,5.734786732515402718e+01
1.352196002585226431e+01,5.469160953671742220e+01
2.240179964681895086e+01,1.992664494201299519e+01
1.580567708664860049e+01,4.002891237625768639e+01
1.190474002040059531e+01,7.056025941968505322e+01
1.910006869890121806e+01,2.741133210264491282e+01
1.732529489169184345e+01,3.331491650500276336e+01
1.131165423729347630e+01,7.815337847836337914e+01
5.558068962657524992e+01,3.237070350224826587e+00
1.994418288966220132e+01,2.514012912280435330e+01
1.774139609903013692e+01,3.177052676743519655e+01
1.141275212925931015e+01,7.677489478300542203e+01
1.411690868272419941e+01,5.017885984721250026e+01
1.899883754221538368e+01,2.770422091988785596e+01
1.949762501608270782e+01,2.630489500598760699e+01
1.199633857641735091e+01,6.948684143538748970e+01
1.269018203287327395e+01,6.209609593334444355e+01
6.043586242710606626e+01,2.737855683933655193e+00
1.697726275174500543e+01,3.469482168059547433e+01
1.166843982581762340e+01,7.344706034528671523e+01
1.383440037847658743e+01,5.224916078588368862e+01
1.337354358113365826e+01,5.591225464371806453e+01
1.776350628500023277e+01,3.169148661919348342e+01
1.496300386763942569e+01,4.466449454957660947e+01
2.178373800937134419e+01,2.107342809505759007e+01
1.341016686152894799e+01,5.560727796881636920e+01
2.324929994798965183e+01,1.850036253435402855e+01
1.260780301318658658e+01,6.291021517241780714e+01
1.354626359898593080e+01,5.449553935819734818e+01
1.307689495584592265e+01,5.847776015552939555e+01
1.030114905707436357e+01,9.423856343219161147e+01
1.212399586239398097e+01,6.803124848279239245e+01
1.024087747316497499e+01,9.535108952986310271e+01
1.231864047644480387e+01,6.589833461674133730e+01
2.136674155544393727e+01,2.190399875268546737e+01
2.815900140163206089e+01,1.261146390239989934e+01
2.452986822808726686e+01,1.661917915468471563e+01
1.503136185674024894e+01,4.425917763786450365e+01
1.495913134442709413e+01,4.468762245398043831e+01
3.938845905708630113e+01,6.445580227317944555e+00
1.600571869777433420e+01,3.903459163436882307e+01
1.222774759860869409e+01,6.688166386796466156e+01
1.234747021247051002e+01,6.559096579881807543e+01
1.181426532318592670e+01,7.164511103560988659e+01
1.327290851136847039e+01,5.676332124501903564e+01
7.189154415901082018e+01,1.934836965755255545e+00
1.448460035429084058e+01,4.766361368262295173e+01
1.302255052002671754e+01,5.896684588646461833e+01
1.474643934913559029e+01,4.598600287252901353e+01
1.285881197528315134e+01,6.047812356497207986e+01
1.042336557768753202e+01,9.204157889153630379e+01
1.355195758873617784e+01,5.444975529293381555e+01
1.315037007127403257e+01,5.782611966467422349e+01
3.034762044671661485e+01,1.085802187991821199e+01
1.333141791756297856e+01,5.626616480373996154e+01
5.802257636987841494e+01,2.970338759787777061e+00
1.008379900014992891e+01,9.834485387157823766e+01
7.588468011250999723e+01,1.736567962412611799e+00
1.936280298520894405e+01,2.667248913277299849e+01
2.055845149957779938e+01,2.366024299563758504e+01
2.679866840366382164e+01,1.392430636371719110e+01
1.844428746168617650e+01,2.939518755188477428e+01
1.491001353275567709e+01,4.498253481287878941e+01
1.403995266416895404e+01,5.073044978480169931e+01
1.751511989010408499e+01,3.259671018572827705e+01
1.547581043755430841e+01,4.175352989273621063e+01
1.300051662587115331e+01,5.916689490144409547e+01
2.320721148512507170e+01,1.856752768267010367e+01
1.600938905082986352e+01,3.901669534751911783e+01
1.198799864585897978e+01,6.958355766483620641e+01
1.079876822383012680e+01,8.575344184915631729e+01
1.341167589085002376e+01,5.559476524589926072e+01
1.275750987386246926e+01,6.144240034147728124e+01
1.021233192946999502e+01,9.588488587952312514e+01
1.669146439071328558e+01,3.589311244236413501e+01
1.874971920628101785e+01,2.844529641252550789e+01
1.278102246577832624e+01,6.121654341231988639e+01
1.324895082450033179e+01,5.696879373015381276e+01
1.872251264930567416e+01,2.852802685433171703e+01
1.183365015570148948e+01,7.141057799937496497e+01
1.098591245808632522e+01,8.285671901980458642e+01
1.500436186840534702e+01,4.441860760561093713e+01
1.378137077676358047e+01,5.265203551389161163e+01
2.119910397333505259e+01,2.225179192276709372e+01
1.059104916399025065e+01,8.915014048787007539e+01
1.051642149346263011e+01,9.041990195438661715e+01
1.162691284018063698e+01,7.397264815254300174e+01
1.225289972608689659e+01,6.660736315721111112e+01
1.070577237402699566e+01,8.724970949894384376e+01
1.050622178672189300e+01,9.059555104636119438e+01
1.142174890892204253e+01,7.665399302291019978e+01
1.577470402193230647e+01,4.018625735857536796e+01
1.500370061465059912e+01,4.442252298876412908e+01
1.478099286937307255e+01,4.577125126307699787e+01
2.834946038833083648e+01,1.244257898627349412e+01
2.598741637366998702e+01,1.480722891177770961e+01
2.235965122652631010e+01,2.000184005039771762e+01
1.409024743646776656e+01,5.036893410275048666e+01
2.155617586729712443e+01,2.152070843626259133e+01
1.530179430116938555e+01,4.270859464654903803e+01
1.459632271733919850e+01,4.693675772791404910e+01
8.707902946887010387e+01,1.318781481165431035e+00
2.098484894847464233e+01,2.270849252575954225e+01
1.065763542187909430e+01,8.803964455884317886e+01
1.166276834057188161e+01,7.351851082597613640e+01
2.866836245498642199e+01,1.216730029361583298e+01
1.568596601255036482e+01,4.064222358111047129e+01
1.945415482439504373e+01,2.642258260401917269e+01
2.002382933833718326e+01,2.494053295477477405e+01
1.294160985041333056e+01,5.970674476309103795e+01
1.201369802838145517e+01,6.928617350080190818e+01
1.314088160119562332e+01,5.790965736215388660e+01
1.171822613410878766e+01,7.282428859303165325e+01
1.118092319043613436e+01,7.999165310109806626e+01
1.384993962728518646e+01,5.213198233463568698e+01
1.079540627877019787e+01,8.580686146935730108e+01
1.001314181434753081e+01,9.973768092851663880e+01
1.004881035202555850e+01,9.903089407773568098e+01
1.177192996818650350e+01,7.216135182536086745e+01
1.518325942372545434e+01,4.337804500067192492e+01
1.401315015258466268e+01,5.092469644372481952e+01
1.291523637928063373e+01,5.995084124564169059e+01
1.073395254555347300e+01,8.679219223239148562e+01
1.364354928354285690e+01,5.372114641754673414e+01
1.643118501089326600e+01,3.703925378668822077e+01
6.502553392847427460e+01,2.365005451752466570e+00
1.512269685199433589e+01,4.372617687089496030e+01
2.010772435208526687e+01,2.473284944868527901e+01
1.350942748928478565e+01,5.479313012700958296e+01
1.350149617062502116e+01,5.485752438602571601e+01
1.341042492362144323e+01,5.560513784387331526e+01
1.314994778960709532e+01,5.782983364174470609e+01
1.332789540548074037e+01,5.629591060093194699e+01
1.894144464122317828e+01,2.787236379820240728e+01
1.157316282063226609e+01,7.466135605736572245e+01
1.037986319361790244e+01,9.281469478992181621e+01
1.429883893079192170e+01,4.891008885917145932e+01
1.227936722956834359e+01,6.632053556534268068e+01
1.889693996836625089e+01,2.800380424762347076e+01
7.868652594670446376e+01,1.615099405269005084e+00
1.291038003573126325e+01,5.999595171303920438e+01
1.042843820904107766e+01,9.195205840230666183e+01
1.160236956776414274e+01,7.428593779593931856e+01
1.274276790058828546e+01,6.158464670046910783e+01
2.026167101879713073e+01,2.435844054373326628e+01
1.417620676687801939e+01,4.975994848017868577e+01
3.679886828329943427e+01,7.384669697984191039e+00
3.066441174966153582e+01,1.063483422050556548e+01
1.240656216882789842e+01,6.496763952010522303e+01
1.162917448168216161e+01,7.394387855361895845e+01
1.268932509640876027e+01,6.210448317305610999e+01
1.175863392971334065e+01,7.232463653498622591e+01
2.401177048866397001e+01,1.734409456698847762e+01
1.766110265947792968e+01,3.206006289676282250e+01
1.347631433468508888e+01,5.506272942931809666e+01
1.257058378604822302e+01,6.328329823075692673e+01
1.276513427991726601e+01,6.136902517806347390e+01
1.368909234650836027e+01,5.336428482594619283e+01
1.470928510746352202e+01,4.621860872659062380e+01
2.037758749611910147e+01,2.408210617847566226e+01
2.848366588584436698e+01,1.232560467591943265e+01
1.268443423658119684e+01,6.215238485712218619e+01
1.245588188365191407e+01,6.445417256305309195e+01
1.331166355315822969e+01,5.643328547163363140e+01
1.434919874784842264e+01,4.856738249232316917e+01
1.754985293124023116e+01,3.246781309188394005e+01
1.940959023884825996e+01,2.654405484701859663e+01
2.291757314344171448e+01,1.903981603107830622e+01
2.653830747967661452e+01,1.419886260411630197e+01
1.706905662634245147e+01,3.432266185296282401e+01
2.530519484719905776e+01,1.561638936069752503e+01
1.837551442406488533e+01,2.961563083874354874e+01
6.700378309110159591e+01,2.227416087037782155e+00
1.347173508619683524e+01,5.510016911663517192e+01
1.336348177004959759e+01,5.599648274314103702e+01
2.510930676775045356e+01,1.586099962106746375e+01
1.196595876815362480e+01,6.984012305967898726e+01
4.018309315741783649e+01,6.193173853230603321e+00
1.390330088752828885e+01,5.173258223084948071e+01
1.420215199350277224e+01,4.957830644766834638e+01
1.226855969230878962e+01,6.643743231273849403e+01
1.307775204523125723e+01,5.847009537874962604e+01
2.509050363073837531e+01,1.588478139161403746e+01
2.087679219035707234e+01,2.294417590302919763e+01
1.827897432656728682e+01,2.992928585800154551e+01
1.015606743164628512e+01,9.695023107794409611e+01
1.400515730833760664e+01,5.098283921305200295e+01
2.260116132161971692e+01,1.957665510408488174e+01
1.028119417489794074e+01,9.460473575772184063e+01
1.349184960120188670e+01,5.493599785190634321e+01
1.178294309331392142e+01,7.202652123327322897e+01
6.344071779821972257e+01,2.484642008614621922e+00
1.390772445449711547e+01,5.169967876784784977e+01
3.259222852093196110e+01,9.413949983053411685e+00
1.782958189014107120e+01,3.145702750823615190e+01
1.389146972532042845e+01,5.182073952791609628e+01
2.570099206704427530e+01,1.513910582762859214e+01
2.114198231165497077e+01,2.237219467336124623e+01
1.368170531758747543e+01,5.342192529187012440e+01
1.039025201423456402e+01,9.262918376242157592e+01
1.132604627548669995e+01,7.795488524496916227e+01
1.175450560476346062e+01,7.237544803551693917e+01
1.166482653732068542e+01,7.349256921251776475e+01
1.469450688846578501e+01,4.631161928987516063e+01
6.078759999866638708e+01,2.706263037780974212e+00
1.386232176051337817e+01,5.203889304236476221e+01
1.132469719453778367e+01,7.797345946605622657e+01
1.848931572119650113e+01,2.925218578690466842e+01
1.300105359827668927e+01,5.916200755388614851e+01
1.346636791335778405e+01,5.514409945727364715e+01
1.366844640852097292e+01,5.352561812941308261e+01
1.223944161603579772e+01,6.675392246663021467e+01
2.402945503833730001e+01,1.731857508394186240e+01
1.402601987511299519e+01,5.083128633302965937e+01
1.809854730360655495e+01,3.052899906185152190e+01
6.722241284665211936e+01,2.212951044678152623e+00
1.130579072883401537e+01,7.823446468249247232e+01
3.033767105482823823e+01,1.086514493357838873e+01
1.163697802872496467e+01,7.384474094894410712e+01
1.365631997178721235e+01,5.362071888915094320e+01
2.905826216220948766e+01,1.184297260664776630e+01
1.347603747671827534e+01,5.506499192108378793e+01
2.794476644098518747e+01,1.280557345367796174e+01
1.315669544148692083e+01,5.777053067728559910e+01
1.178819249848682027e+01,7.196238719269643980e+01
1.328014197138470287e+01,5.670150211785924910e+01
1.869187415526493723e+01,2.862162604304394264e+01
1.159150441282586641e+01,7.442526509479807828e+01
1.476685864387023983e+01,4.585891388857694295e+01
1.664332215469173093e+01,3.610106057100374244e+01
1.023703056795635469e+01,9.542276569033248279e+01
1.169244027210920756e+01,7.314584810519380653e+01
6.377519527888388495e+01,2.458648281683740056e+00
1.018600360269116401e+01,9.638120441618104906e+01
1.143233332945854919e+01,7.651212128191356499e+01
1.409368199995888205e+01,5.034438775310407266e+01
1.390353187736669227e+01,5.173086330048698045e+01
1.122332314143746856e+01,7.938840296140432429e+01
1.449683253111528458e+01,4.758321215019277872e+01
1.407986238511267274e+01,5.044326393093680139e+01
2.292329191100673924e+01,1.903031733421738991e+01
2.070361701250795505e+01,2.332961380120871553e+01
2.131858915292529844e+01,2.200305984150766037e+01
1.029035198932739092e+01,9.443642526562004491e+01
1.572464836950950051e+01,4.044251122523858299e+01
1.302510547461410617e+01,5.894371473601272271e+01
1.295314072693570395e+01,5.960049027583045245e+01
1.212592742644572219e+01,6.800957653254562274e+01
1.230498764815757973e+01,6.604464890762082518e+01
1.319070153726631567e+01,5.747304568698455540e+01
1.287693526993913729e+01,6.030800676021647888e+01
1.251918947710190011e+01,6.380395131849760304e+01
1.791384441023167184e+01,3.116179055766248140e+01
2.556950451791677636e+01,1.529520757132685027e+01
1.412812512928388742e+01,5.009921657148681362e+01
1.397027319228695319e+01,5.123776790677793969e+01
1.572836155530218250e+01,4.042341796733272474e+01
1.683286918042071534e+01,3.529260402884059999e+01
1.307303023616677073e+01,5.851234028761413697e+01
3.058121783665789195e+01,1.069277546604160456e+01
2.352903847988461195e+01,1.806307312249066399e+01
1.080577281441317616e+01,8.564230253924986869e+01
1.455420834691577703e+01,4.720878515564240274e+01
2.521636433646163411e+01,1.572660788486618699e+01
1.224770329014085490e+01,6.666389527817942451e+01
1.373812774026221462e+01,5.298401921544682835e+01
1.607621310528165282e+01,3.869300780161629660e+01
2.054415863471949777e+01,2.369317598622061283e+01
2.001145796011182298e+01,2.497137969684004943e+01
1.095934710945509316e+01,8.325889359258400191e+01
3.707795882802262355e+01,7.273917386904159343e+00
1.269968188522977215e+01,6.200323012564572878e+01
1.424238955250032390e+01,4.929856518427526169e+01
1.363877115356347147e+01,5.375879373641493686e+01
1.133621663842493987e+01,7.781507249175872687e+01
2.762223743661043684e+01,1.310636600685053565e+01
2.391797852372287991e+01,1.748038754431901154e+01
2.280675820247675389e+01,1.922528929474680837e+01
1.020488527953378899e+01,9.602487406664279490e+01
1.790178716878795484e+01,3.120378097555429164e+01
1.860060912757875684e+01,2.890318261152146206e+01
1.237420827382946520e+01,6.530781548170415363e+01
1.402700158736683811e+01,5.082417149097051379e+01
1.324493745155094082e+01,5.700332339953347116e+01
1.872463884774550991e+01,2.852154845943196548e+01
1.312818078485915052e+01,5.802176058694070804e+01
1.500823356620215066e+01,4.439569308445042850e+01
9.113430843937976533e+01,1.204026915014191124e+00
4.769188990924337190e+01,4.396539045471216767e+00
1.677643655831014868e+01,3.553043808202104969e+01
1.243532936440342418e+01,6.466740218975090215e+01
4.474072376539087514e+01,4.995672840478105670e+00
1.814791845213618515e+01,3.036311761127395314e+01
1.019720296853174446e+01,9.616961391898382772e+01
1.057199764343953774e+01,8.947174027501796445e+01
2.704450651568626185e+01,1.367230939293165015e+01
1.374603343664822752e+01,5.292309180418795478e+01
1.294320946994875854e+01,5.969198765454897426e+01
1.200678973392394688e+01,6.936592620709039636e+01
2.809370065936934679e+01,1.267015998348279737e+01
1.264645520042985360e+01,6.252624963863087260e+01
1.021670100256281799e+01,9.580289493165541614e+01
1.211149832512010605e+01,6.817172023984508655e+01
6.419614159307002410e+01,2.426510346438939258e+00
1.189651216138351231e+01,7.065789486477669357e+01
1.324678801240026615e+01,5.698739791628693041e+01
3.997705766857058762e+01,6.257175651462909549e+00
1.130122190746718225e+01,7.829773422077622058e+01
1.661734448322745905e+01,3.621402140344525833e+01
1.590938498044749849e+01,3.950874347055991365e+01
2.177891103147333851e+01,2.108277036602675736e+01
1.253953751295093966e+01,6.359704867680934370e+01
2.010364906733249057e+01,2.474287783905505478e+01
1.237981661501890329e+01,6.524865700481829833e+01
1.048508988420018184e+01,9.096109594783268903e+01
2.296749798635181961e+01,1.895713164805278339e+01
8.412658384152091173e+01,1.412971794285696969e+00
1.478341111653212003e+01,4.575627810911092297e+01
2.032194325668432811e+01,2.421416688330371514e+01
1.124141442029266713e+01,7.913308241482000938e+01
2.030322386244879240e+01,2.425883796575033813e+01
1.423927714478767470e+01,4.932011880698019013e+01
1.415961759606037695e+01,4.987661262547869256e+01
1.172287179938830270e+01,7.276658085062622661e+01
1.036095684492456037e+01,9.315373452340287486e+01
1.471493277426146662e+01,4.618313765592436226e+01
1.165086954184569024e+01,7.366875345952999510e+01
1.469981582142531629e+01,4.627817385258123295e+01
1.201763911184034406e+01,6.924073731895535389e+01
1.308361327425139997e+01,5.841771996082978546e+01
1.436002834468208533e+01,4.849415605696234621e+01
1.245000112149911153e+01,6.451507684324604952e+01
1.370186639349163826e+01,5.326482974399824855e+01
1.135103248054800495e+01,7.761207009054263040e+01
1.189722742844919168e+01,7.064939914655857933e+01
1.869532239529286599e+01,2.861106884240095383e+01
3.170969752830326982e+01,9.945252208700631869e+00
1.084166830742251264e+01,8.507613809437306429e+01
1.067585307576379172e+01,8.773943298678163671e+01
1.710922406367982873e+01,3.416169195423036342e+01
1.056964275331577596e+01,8.951161287880086093e+01
1.536962750795595944e+01,4.233244136603131835e+01
1.271788770011256986e+01,6.182584038972009921e+01
2.148159258642667169e+01,2.167040603738672644e+01
1.627640008846681141e+01,3.774707349221383623e+01
1.614492238505650690e+01,3.836437053846998424e+01
4.739820938580866994e+01,4.451189969657873391e+00
1.077215798782682299e+01,8.617763499912956604e+01
7.636048838270805561e+01,1.714994001110759392e+00
1.542292029436254808e+01,4.204039343132583184e+01
6.536772306703093705e+01,2.340309442177154864e+00
2.063127703594031459e+01,2.349350307108597491e+01
1.194705848555758188e+01,7.006127242199730176e+01
2.593108569762215154e+01,1.487163093435959738e+01
2.015313017814774454e+01,2.462152675585168637e+01
1.437402521482248652e+01,4.839975857031345186e+01
1.414618732505013377e+01,4.997136245272975685e+01
1.509286768322239425e+01,4.389918632747048122e+01
1.405077117122479535e+01,5.065235920385907065e+01
1.137792742303480331e+01,7.724558768346560100e+01
1.004871243771925293e+01,9.903282399434894501e+01
1.586988707290823442e+01,3.970565156918290484e+01
1.433937845463921512e+01,4.863392781096426631e+01
1.328227377694165412e+01,5.668330239106789037e+01
3.118187683129479382e+01,1.028479161120187868e+01
1.831380608915736374e+01,2.981554670428801757e+01
1.752026827825617872e+01,3.257755570058584738e+01
1.442462780968119773e+01,4.806077478418118432e+01
1.300025335106408697e+01,5.916929136405904188e+01
1.135165122270496241e+01,7.760360955031764263e+01
1.235100675235352163e+01,6.555340904556392445e+01
1.856977530588778080e+01,2.899924575158890860e+01
1.252954583557781554e+01,6.369851996182893572e+01
1.298848514994099013e+01,5.927656046607168605e+01
1.799805222552612705e+01,3.087087822589715103e+01
1.453199672060449998e+01,4.735320925313672547e+01
1.101420951070370435e+01,8.243152479577535985e+01
1.228723232006896815e+01,6.623565883208652849e+01
1.084941994186358905e+01,8.495461205239594449e+01
1.004218495387958932e+01,9.916160976251858017e+01
1.312043989098400232e+01,5.809024499576178613e+01
1.087688149721303255e+01,8.452617295194565372e+01
1.100502460561808427e+01,8.256917858772243335e+01
1.551148905447844051e+01,4.156167275724705945e+01
6.573369830881574671e+01,2.314322435562389479e+00
1.086333590618750122e+01,8.473709725884626209e+01
1.093083133336559953e+01,8.369386303416000317e+01
1.086465689183981809e+01,8.471649289261904414e+01
1.016251391848338770e+01,9.682727131306478441e+01
1.714155110490511191e+01,3.403296322009401109e+01
1.519712932367274227e+01,4.329890181790811710e+01
1.303141424393193937e+01,5.888665687889248090e+01
2.015885364070121355e+01,2.460754774851460880e+01
3.554075450253969848e+01,7.916746038119781836e+00
1.084557224350119498e+01,8.501490167070512882e+01
1.715524133343489765e+01,3.397866691162708008e+01
2.648558796379441915e+01,1.425544448286813726e+01
1.470972209326534497e+01,4.621586270927386408e+01
1.222606567765632057e+01,6.690006674788862995e+01
1.501460657177609370e+01,4.435801324889295216e+01
1.217622734632301729e+01,6.744884284319189760e+01
1.213449497111005115e+01,6.791357428648066730e+01
1.317218101551886100e+01,5.763477730966968693e+01
4.454173217369412896e+01,5.040409199891552561e+00
1.832014594947283115e+01,2.979491436929832915e+01
1.687254040682398326e+01,3.512683706413525897e+01
1.834751533082949848e+01,2.970608924683840613e+01
1.092821291186473154e+01,8.373397427029945561e+01
1.797972898093870953e+01,3.093383166461765654e+01
1.217030375709976298e+01,6.751451687720127381e+01
1.424319392841078447e+01,4.929299712717803317e+01
1.118215177477525835e+01,7.997407668192309416e+01
4.423208579057867951e+01,5.111226907903794192e+00
1.339983409131949088e+01,5.569306989026071619e+01
1.282195687512987092e+01,6.082629673513761048e+01
1.337622425067808685e+01,5.588984663727990210e+01
1.515312565468568629e+01,4.355074121185528924e+01
5.075538504346238255e+01,3.881823156344125891e+00
1.221112347481091831e+01,6.706389212785467180e+01
1.429240490551715048e+01,4.895413457182176842e+01
1.411993618953320073e+01,5.015734409086691414e+01
3.323429054681896133e+01,9.053722422799241443e+00
1.519165372000632175e+01,4.333012032212831599e+01
1.072155548946972026e+01,8.699301938522940247e+01
1.801785282073479166e+01,3.080306483008204665e+01
1.122187232040485050e+01,7.940893176567114153e+01
1.183392510667776953e+01,7.140725971235413283e+01
1.930992485797189318e+01,2.681876856016252475e+01
2.285549168583299817e+01,1.914339068913087871e+01
1.067789762772246043e+01,8.770583636286478679e+01
1.118776174423241088e+01,7.989389270014383726e+01
1.197704295877161762e+01,6.971091536909599995e+01
1.133213850546671431e+01,7.787108968793774011e+01
1.317116441428600737e+01,5.764367460150925382e+01
1.366569294853127481e+01,5.354718973886506461e+01
8.366398976127582898e+01,1.428640170088257388e+00
1.083588160015020030e+01,8.516702911367588058e+01
2.132055961614241824e+01,2.199899294857857512e+01
1.050258008276221666e+01,9.065838882024154088e+01
1.662282291417872671e+01,3.619015502120904415e+01
2.012577950673594174e+01,2.468849289438260186e+01
1.772531864730068207e+01,3.182818674771774070e+01
1.258483649174154806e+01,6.314003892370533322e+01
1.308544351777345227e+01,5.840137948660719047e+01
1.192141890458097819e+01,7.036296023146981327e+01
1.252745340839872767e+01,6.371980052718711107e+01
1.370229069895483853e+01,5.326153099507683208e+01
1.472715968803407804e+01,4.610648433673205915e+01
2.244776851004134244e+01,1.984511636503365750e+01
2.922432682330862619e+01,1.170876171811828570e+01
1.713082258021987769e+01,3.407560423365867308e+01
1.070139907449111760e+01,8.732103607570090276e+01
1.050938110540969284e+01,9.054108976210915216e+01
2.048040680397318880e+01,2.384091077406727877e+01
1.594486618422881286e+01,3.933310598707646477e+01
1.425555272632877468e+01,4.920756541797937444e+01
1.945006103619070714e+01,2.643370646016244052e+01
3.187086427022212831e+01,9.844922879833124085e+00
1.068205924512828453e+01,8.763751114071096993e+01
3.059706381790264373e+01,1.068170292357079809e+01
1.828705837284212521e+01,2.990283039990546854e+01
2.136201201929533511e+01,2.191369888971599167e+01
7.470375096995798003e+01,1.791905829454216059e+00
3.652531116849136339e+01,7.495699215400581927e+00
1.246142105527939314e+01,6.439688481504300910e+01
2.994011577922402623e+01,1.115560296680826013e+01
1.058986230941673945e+01,8.917012454018049539e+01
1.151169019163722318e+01,7.546087100552540505e+01
1.876260792981629777e+01,2.840622960058490420e+01
1.075125960722521690e+01,8.651298610290221802e+01
1.129029515983108567e+01,7.844936065140436199e+01
1.121045956300281432e+01,7.957069787047861098e+01
1.180609478478434049e+01,7.174431093205764398e+01
1.095776956354752585e+01,8.328286821272530460e+01
1.164618335465853249e+01,7.372805100172257653e+01
3.233472167780052331e+01,9.564488422766771691e+00
1.440959650205826925e+01,4.816109585604080934e+01
3.553571033523918743e+01,7.918993705343340572e+00
3.730395741892082384e+01,7.186049204126715217e+00
1.169919983038942668e+01,7.306134817467311393e+01
2.061970867352564696e+01,2.351987178478056606e+01
5.332175489710256500e+01,3.517151951219041894e+00
1.141364574301787904e+01,7.676287331009625348e+01
1.825280084449383722e+01,3.001518119821912478e+01
1.546565524891814469e+01,4.180838100322567641e+01
5.076268202013130093e+01,3.880707236695229323e+00
2.112331721870940981e+01,2.241174940620263811e+01
2.841242592148037716e+01,1.238749143369481054e+01
1.497573977846614035e+01,4.458855824916347643e+01
1.703370139782141379e+01,3.446529026741878710e+01
1.284872639196862032e+01,6.057310520403252241e+01
1.142931583485075109e+01,7.655252709338860484e+01
2.362196037224433809e+01,1.792124292429825871e+01
2.450143958775656827e+01,1.665776748003422725e+01
1.064114278390596979e+01,8.831276018971399822e+01
1.332823649253796638e+01,5.629302926538665020e+01
1.547924208508204380e+01,4.173501897154984164e+01
1.078327132038592850e+01,8.600009570315143037e+01
6.779345832612349909e+01,2.175827302369565786e+00
2.194029616607462074e+01,2.077375611133942002e+01
1.124938637522887852e+01,7.902096575005481327e+01
1.810736020383954781e+01,3.049928920392848042e+01
2.424632224347302767e+01,1.701015434825746908e+01
3.270388754102788909e+01,9.349776695758810874e+00
1.487601947635993938e+01,4.518835411684931813e+01
1.034919731433274492e+01,9.336555125088686680e+01
1.973469651669951830e+01,2.567669342513796948e+01
2.008635415331715279e+01,2.478550480555858826e+01
3.199606209665359202e+01,9.768028949194457411e+00
1.806961731679951200e+01,3.062683296081777939e+01
2.360858308306592690e+01,1.794155804183399994e+01
5.247620697498811637e+01,3.631408680262649291e+00
1.239326237136775077e+01,6.510715404842655119e+01
7.292470829861767356e+01,1.880401542595582898e+00
1.006261150140387706e+01,9.875943315506783904e+01
2.334749593240668020e+01,1.834507041934019966e+01
2.040287201244481707e+01,2.402245505580770413e+01
2.089219427990617106e+01,2.291035868065720393e+01
1.092085070084364062e+01,8.384690960812451976e+01
1.545946698741684067e+01,4.184185860972877435e+01
1.712855718425700147e+01,3.408461840108212471e+01
1.650476383774896760e+01,3.670974527450447056e+01
2.031934282931541702e+01,2.422036503764486781e+01
1.995753065605736154e+01,2.510651250337023654e+01
1.626680662211148132e+01,3.779160983803392782e+01
1.019616381981413866e+01,9.618921729633029827e+01
1.162945400510178828e+01,7.394032399338148309e+01
1.191181809556945126e+01,7.047642965773322032e+01
4.902766942372382886e+01,4.160231535378301260e+00
1.620154533201656122e+01,3.809667907195321135e+01
1.709559063588988792e+01,3.421620035705854690e+01
1.038821824454397458e+01,9.266545655969800066e+01
1.111569450011724314e+01,8.093321551453334450e+01
1.104058666004931943e+01,8.203811973885937903e+01
1.007645288130378169e+01,9.848830044764314096e+01
1.285630579248199723e+01,6.050170483456452786e+01
1.730240070439446143e+01,3.340313808278150276e+01
1.095758676695760769e+01,8.328564691785719276e+01
1.107535329220987563e+01,8.152387655316157122e+01
1.226460704417925029e+01,6.648026223916083666e+01
1.420813963231743315e+01,4.953652836151083960e+01
1.400107627649415143e+01,5.101256448691192702e+01
1.008751220335146748e+01,9.827246591135191522e+01
1.112991623940725461e+01,8.072651571756796329e+01
1.356505084107291914e+01,5.434469408383204581e+01
1.499590449292402994e+01,4.446872405928662886e+01
1.245973537664969832e+01,6.441431051347160519e+01
1.850281530951851039e+01,2.920951677648991307e+01
1.080353187014491567e+01,8.567783527686933098e+01
1.106611520179001928e+01,8.166004706772852728e+01
1.151319907332683101e+01,7.544109299862049056e+01
1.999527776418912950e+01,2.501180977200218081e+01
1.358186994169129846e+01,5.421018198229785412e+01
1.321925449619510928e+01,5.722503574889260847e+01
1.209118040412026751e+01,6.840102314356599322e+01
2.071501204109073413e+01,2.330395429420497422e+01
1.035227166253882380e+01,9.331010533466456991e+01
2.232006167917699102e+01,2.007285831885942073e+01
1.036978785959762028e+01,9.299514078503538883e+01
6.059340700630266952e+01,2.723637187164261064e+00
2.157850141363514851e+01,2.147619996770212225e+01
1.185525329286277518e+01,7.115056045375459348e+01
2.351451114482566140e+01,1.808539885762057509e+01
6.785910020316649138e+01,2.171619869366167688e+00
2.092808445998844036e+01,2.283184678012984392e+01
1.163189920277149270e+01,7.390924055610442167e+01
8.461139662085091118e+01,1.396825878939798482e+00
1.110848297091357040e+01,8.103833188365511830e+01
1.285521116222389360e+01,6.051200879854934556e+01
2.122603594691792495e+01,2.219536080372211018e+01
1.548532136934699288e+01,4.170225643015928796e+01
3.819161843642357468e+01,6.855890530592265719e+00
3.858510784425580908e+01,6.716771329824532621e+00
1.167043124580942326e+01,7.342199675301137063e+01
1.117806208046036076e+01,8.003260728526278456e+01
2.508105235080743256e+01,1.589675535510362714e+01
1.187374476747260132e+01,7.092912158550950608e+01
1.784793657688549473e+01,3.139236042533085680e+01
1.168103460600591248e+01,7.328876086137110235e+01
2.011360677666369412e+01,2.471838482796999514e+01
1.121375815913281571e+01,7.952389233240414512e+01
1.173772470650827771e+01,7.258253982477120303e+01
1.538143081679947066e+01,4.226749667117671549e+01
1.001103571957408889e+01,9.977965043297504621e+01
1.206593009946562312e+01,6.868760757658010618e+01
2.088365810370773090e+01,2.292909168484484539e+01
1.346198990608833412e+01,5.517997238937085314e+01
1.170276573474538573e+01,7.301683047806989180e+01
1.823081480088281481e+01,3.008762041863240100e+01
1.244373831353822446e+01,6.458003275965788248e+01
1.148989346281832091e+01,7.574744638043274847e+01
1.150149882282539870e+01,7.559466057554365648e+01
1.371505014997510763e+01,5.316247604889167633e+01
4.781369298174453064e+01,4.374167635302683266e+00
1.437625096998841911e+01,4.838477306766297659e+01
1.055533277635913869e+01,8.975448108880709697e+01
1.188927305664911493e+01,7.074396499186674703e+01
1.580426120689306480e+01,4.003608495644877507e+01
4.111558104960742810e+01,5.915441117489373291e+00
1.115709139195869604e+01,8.033374601535663828e+01
1.229525952877926898e+01,6.614920048693107901e+01
1.476247977930025002e+01,4.588612337620988768e+01
1.085149883816363392e+01,8.492206449119180434e+01
1.617204836202485296e+01,3.823577850976946024e+01
1.213634982103455151e+01,6.789281683242418808e+01
2.238899913036212297e+01,1.994943687311290148e+01
1.433343117241614983e+01,4.867429493549286690e+01
1.089409634179526520e+01,8.425924759955159971e+01
1.958683608292466616e+01,2.606582182714228324e+01
1.197264474834635983e+01,6.976214207752893515e+01
1.181815161143585513e+01,7.159799913821593975e+01
1.613982827200979031e+01,3.838859177289136682e+01
1.685575639590884478e+01,3.519682653630369629e+01
2.530184818291679605e+01,1.562052077975458353e+01
1.203722011557825766e+01,6.901565206214087311e+01
3.835809105454873702e+01,6.796511068423553681e+00
1.120924650740048811e+01,7.958792095565679858e+01
2.074488522495700948e+01,2.323688599692590984e+01
3.597789659048325461e+01,7.725533171678152122e+00
2.026669959141577948e+01,2.434635441291389668e+01
1.091382458381649556e+01,8.395490251682639382e+01
2.527166317158691911e+01,1.565785802832920837e+01
1.174955168581650966e+01,7.243649167331362548e+01
1.256800058937149700e+01,6.330931509866912421e+01
4.700551310665694871e+01,4.525873431363694799e+00
1.898682740184266748e+01,2.773928068105810141e+01
1.204612334458862932e+01,6.891367152199553914e+01
1.942177254614309234e+01,2.651076577250299593e+01
1.038049284366434222e+01,9.280343540073049269e+01
2.308599717944685281e+01,1.876301922152778090e+01
1.667026823787738010e+01,3.598444625416436082e+01
1.231030198605159676e+01,6.598763847501631119e+01
1.551835661781634990e+01,4.152489511771337050e+01
1.971635439465356754e+01,2.572448969664639051e+01
2.098713103309298234e+01,2.270355427251417879e+01
1.898339509081338150e+01,2.774931244258693397e+01
1.913904181949421712e+01,2.729980954485544942e+01
1.210715752911533372e+01,6.822061240604743659e+01
1.057888301876490189e+01,8.935531096360665515e+01
1.513784633037128913e+01,4.363870111144154862e+01
1.001688211130263895e+01,9.966321087044745752e+01
1.570795872924837333e+01,4.052849687775461263e+01
1.139810374192742870e+01,7.697235763917107931e+01
1.249376846782559269e+01,6.406385863795617297e+01
1.357539032628345943e+01,5.426194402397977967e+01
1.015851292313409182e+01,9.690355841457287056e+01
1.057975460647741706e+01,8.934058892402042318e+01
1.168736724322039855e+01,7.320936138864119869e+01
1.443018145518239415e+01,4.802378825783772953e+01
1.094051249120184366e+01,8.354580872578743822e+01
1.228926651781698354e+01,6.621373314976482050e+01
1.139154237236276757e+01,7.706105318493578693e+01
1.646196441166290469e+01,3.690087658942834992e+01
1.199218304933424761e+01,6.953500689114508759e+01
1.152726763612820626e+01,7.525705977892165777e+01
1.113176151542173287e+01,8.069975439027084008e+01
1.140100322067383765e+01,7.693321172693464405e+01
1.708339702697444196e+01,3.426506275417639813e+01
1.270311190944453550e+01,6.196975110571711554e+01
1.209741746671591400e+01,6.833051032749364140e+01
1.536215731137973606e+01,4.237362159085832758e+01
1.342740645371321762e+01,5.546458006368109750e+01
1.668101473480297159e+01,3.593809629498774427e+01
1.073566392273004233e+01,8.676452327050728286e+01
2.003395876418367649e+01,2.491531882562522782e+01
3.734307345024421920e+01,7.171002638206269708e+00
1.538302974662630263e+01,4.225871046326694369e+01
1.459686714086970483e+01,4.693325656584022454e+01
1.256060088702518129e+01,6.338393064998940929e+01
1.410631811231280608e+01,5.025423348216178709e+01
3.697956463876349176e+01,7.312677355182867878e+00
2.131882794799606629e+01,2.200256692577907103e+01
1.146394355831002798e+01,7.609075995502924172e+01
2.082468194067508094e+01,2.305914742244621962e+01
1.104846724633495469e+01,8.192113013333231208e+01
1.198838285801658543e+01,6.957909761034308360e+01
1.124570847101474769e+01,7.907266174931493197e+01
1.226270960775912400e+01,6.650083710947080817e+01
2.526974944257260347e+01,1.566022972037387540e+01
1.177789786636131275e+01,7.208824158133086257e+01
1.227485677418983379e+01,6.636928412205503491e+01
1.973277530181569617e+01,2.568169351724534621e+01
1.632279662820040400e+01,3.753279102503156395e+01
1.693023361532742399e+01,3.488784131375448538e+01
1.118296393382017939e+01,7.996246092217030821e+01
1.348621419609588123e+01,5.498191900974400426e+01
3.594547439578335712e+01,7.739476050919871675e+00
1.244162784012639555e+01,6.460194404066376705e+01
1.136349320551137332e+01,7.744195120194659410e+01
1.033805462344470882e+01,9.356692456009842829e+01
1.486619786072896865e+01,4.524808280590854537e+01
1.193148745043318293e+01,7.024425688024517456e+01
1.018713386624838613e+01,9.635981859340819256e+01
1.040609975945233678e+01,9.234726336264223789e+01
1.265721893129725117e+01,6.241994989620305745e+01
1.188695859909641150e+01,7.077151616783382337e+01
1.058909679351508970e+01,8.918301772965926943e+01
2.382861595096065699e+01,1.761174401947695500e+01
1.298363718336614703e+01,5.932083533766736849e+01
1.436145398373280102e+01,4.848452865694910230e+01
1.153305412880148673e+01,7.518156109928034425e+01
1.621441426499974270e+01,3.803623050470891798e+01
2.238325327496905359e+01,1.995968036100533993e+01
2.093259056376967919e+01,2.282201793480331276e+01
1.189763853008859762e+01,7.064451690342174572e+01
1.877623768797214865e+01,2.836500414085838173e+01
2.076986620722732724e+01,2.318102322490254963e+01
1.132627972914430003e+01,7.795167171573115183e+01
1.534696106530352644e+01,4.245757811831317952e+01
1.691004920892181573e+01,3.497117763427021941e+01
2.573643940860063850e+01,1.509743172632139263e+01
1.099732164882726160e+01,8.268488850043306115e+01
6.948300134774075332e+01,2.071299310331943033e+00
1.009627450360021328e+01,9.810196357568673875e+01
1.615924434683327604e+01,3.829639587998526906e+01
1.127905788128573050e+01,7.860575606537881299e+01
1.134229715540611316e+01,7.773166274933851128e+01
2.188254213986984809e+01,2.088355608846361733e+01
1.968804681597298156e+01,2.579851649335326158e+01
3.916578566717608112e+01,6.519080053261139263e+00
1.040694161977390664e+01,9.233232326685325120e+01
1.434164173036030654e+01,4.861857903781911006e+01
1.627716481651031089e+01,3.774352673601973862e+01
1.458774313067548611e+01,4.699198442031691769e+01
3.835780695814435859e+01,6.796611745269308891e+00
1.913496220192757136e+01,2.731145154904395866e+01
1.218207136892647036e+01,6.738414481223296093e+01
1.021603961432940721e+01,9.581529992632840731e+01
5.090450894343961608e+01,3.859112998783446269e+00
1.123212876814153205e+01,7.926397585885445096e+01
1.557511796442862639e+01,4.122278323967068303e+01
1.221102588446716553e+01,6.706496407946643501e+01
1.217333603784478591e+01,6.748088641280401134e+01
1.289239087666627803e+01,6.016349700442120962e+01
1.020174292721020670e+01,9.608403855648714398e+01
1.133623603674485025e+01,7.781480618107610780e+01
1.200594212338512179e+01,6.937572091789873241e+01
1.067671626529001649e+01,8.772524647171975687e+01
2.077515072351382841e+01,2.316923174224639226e+01
1.291088367150238092e+01,5.999127108561982880e+01
1.804213446976205049e+01,3.072020923402024550e+01
1.761209861653368947e+01,3.223871944596965733e+01
1.501368080011327955e+01,4.436348381381515082e+01
2.005792420617644822e+01,2.485581616653367831e+01
1.243372435275611210e+01,6.468409849566538128e+01
1.190720522395380776e+01,7.053104561298451358e+01
1.595973702818393214e+01,3.925984112364825762e+01
5.102453181698486873e+01,3.840979091294481673e+00
7.896209877264666943e+01,1.603845883193235178e+00
1.596592623999020333e+01,3.922940876772474184e+01
3.082438957663824297e+01,1.052473162047073529e+01
2.002967114039255137e+01,2.492598689370813858e+01
1.463047658236901505e+01,4.671787209588929812e+01
1.992106336200438577e+01,2.519851608478929705e+01
6.381881457686964154e+01,2.455288524450271126e+00
1.195893593684849598e+01,6.992217374042593292e+01
1.036938948768036717e+01,9.300228630969799326e+01
1.199070404194455541e+01,6.955216170228987949e+01
5.708474856390539287e+01,3.068738026868421898e+00
1.566643360925748674e+01,4.074362957927678508e+01
1.562869957643512109e+01,4.094061045135080690e+01
8.401495323468753895e+01,1.416729117981599950e+00
9.623366490300273313e+01,1.079806528740880234e+00
1.012152810216453602e+01,9.761303800172923673e+01
2.218994075621162665e+01,2.030896141754329065e+01
2.562826940280183052e+01,1.522514504680539282e+01
1.445031952265949649e+01,4.789002894492488593e+01
1.867927959253667325e+01,2.866023549681058924e+01
1.912459126728812464e+01,2.734108063491235185e+01
2.622011014980400034e+01,1.454557775934366326e+01
2.262875087260676210e+01,1.952894748924123647e+01
1.288510782383646358e+01,6.023152868373394853e+01
1.133868651998791499e+01,7.778117560609614145e+01
7.768057721013120442e+01,1.657200715272911795e+00
1.221169843339614225e+01,6.705757719090800606e+01
1.116507181082643463e+01,8.021894732243657700e+01
1.122506519138185865e+01,7.936376384721982902e+01
1.138382940245451636e+01,7.716551204795946717e+01
2.065830731327985603e+01,2.343206333751969694e+01
1.027902507215759087e+01,9.464466737415463626e+01
1.168068413791427140e+01,7.329315884991139285e+01
1.285177766057570103e+01,6.054434608935240902e+01
2.360541259130484804e+01,1.794637790099189090e+01
1.706847492702392444e+01,3.432500134835538574e+01
1.642719808291300865e+01,3.705723503423324416e+01
1.584603519357659707e+01,3.982527356476072100e+01
1.824631188919537905e+01,3.003653365595206282e+01
1.191073616588858286e+01,7.048923390478441320e+01
1.061929301141461757e+01,8.867655067156599102e+01
1.132448519143482457e+01,7.797637894006477666e+01
1.258502552539716568e+01,6.313814214523475243e+01
1.221112109854296968e+01,6.706391822894589438e+01
1.426509965419984560e+01,4.914172306307347782e+01
1.631076463989666792e+01,3.758818519896172461e+01
1.865369124012703850e+01,2.873891924883413296e+01
1.369537640151821201e+01,5.331532419045930027e+01
1.159597765488504173e+01,7.436785587545071508e+01
1.768870304302998875e+01,3.196009178168067777e+01
1.429437446845170179e+01,4.894064512440007064e+01
1.517252761136464301e+01,4.343943090666400053e+01
1.146287580610687229e+01,7.610493612895628246e+01
1.017115815849970240e+01,9.666275858259768938e+01
1.154825856145103558e+01,7.498372339444209445e+01
6.587580469900937885e+01,2.304348355372455970e+00
1.351310432973259168e+01,5.476331637239568551e+01
1.369730902253591687e+01,5.330028020673459821e+01
1.324485962265235095e+01,5.700399332266400165e+01
2.740611443859079088e+01,1.331389312114955281e+01
3.530569520773894965e+01,8.022513650001014796e+00
1.128815079376340869e+01,7.847916892178076864e+01
1.056310534969969162e+01,8.962244290490706078e+01
1.668607682953851068e+01,3.591629435138450788e+01
5.007634035376848658e+01,3.987813460236459218e+00
1.213173187938091324e+01,6.794451344780975433e+01
1.787261600335514089e+01,3.130572391431110546e+01
1.124311002922003411e+01,7.910921559457497665e+01
1.213511568815396124e+01,6.790662683974368008e+01
1.703031799084694953e+01,3.447898604068309680e+01
1.049221082709124886e+01,9.083766934552956229e+01
3.791057813479190486e+01,6.957916059457452285e+00
1.144958429457469684e+01,7.628173499788060496e+01
1.484469312192445578e+01,4.537927487521424297e+01
1.919932069506591077e+01,2.712865572607810805e+01
1.207372593576533149e+01,6.859893495435723310e+01
1.342612817987401996e+01,5.547514190188451977e+01
1.257577987360739691e+01,6.323101397808684965e+01
1.973564548693501663e+01,2.567422420445761588e+01
1.420567065698346276e+01,4.955374896277563579e+01
1.359809294613766717e+01,5.408090982359455268e+01
2.137527906827714830e+01,2.188650486885546798e+01
1.217931888882042202e+01,6.741460537869150471e+01
1.155625923866742788e+01,7.487993325176155679e+01
1.715197388938328515e+01,3.399161398917672727e+01
1.279996438669453340e+01,6.103549588636490597e+01
1.739523114065990939e+01,3.304757465256682281e+01
1.765519044775339808e+01,3.208153846419099864e+01
1.019350849951488769e+01,9.623933673218974150e+01
3.043320395881470120e+01,1.079703842143656445e+01
1.277913255476784471e+01,6.123465142926473703e+01
1.740221561929857330e+01,3.302105231037885602e+01
1.143612893510914397e+01,7.646134157339689352e+01
1.266978617756021386e+01,6.229618177225751197e+01
1.664923177354506478e+01,3.607543708901920354e+01
1.288416323863037327e+01,6.024036059550470412e+01
2.392841973376679832e+01,1.746513567400360145e+01
1.705847359827411225e+01,3.436526242533973630e+01
1.127304429809106701e+01,7.868964260431489777e+01
1.405451907833866088e+01,5.062534795942552535e+01
3.718115434275841835e+01,7.233596209394705490e+00
1.606722420896936754e+01,3.873631394112099713e+01
1.734915364003138549e+01,3.322334942564620519e+01
1.209343397352453131e+01,6.837553293276465638e+01
8.610292611703459897e+01,1.348851621991762562e+00
2.189399246478432914e+01,2.086171804559003107e+01
1.307953556546129903e+01,5.845415054837365432e+01
1.292987732864176031e+01,5.981514927233751422e+01
1.173785753290819400e+01,7.258089713608015359e+01
7.244119454304670569e+01,1.905587054146823389e+00
1.271912524052020466e+01,6.181380996277555795e+01
1.040540797904935388e+01,9.235954277557554803e+01
1.593763927040948403e+01,3.936878522544726167e+01
1.247150997090665570e+01,6.429273833213744638e+01
2.902185243204070986e+01,1.187270674724781827e+01
1.671931258310937807e+01,3.577364271551195429e+01
1.757573623682045749e+01,3.237225458800891431e+01
2.817086413942136147e+01,1.260084477555582616e+01
1.225216295716428050e+01,6.661537410366570100e+01
1.097443744451819292e+01,8.303008171921042901e+01
1.050958992629951361e+01,9.053749177527494396e+01
1.132541645762920268e+01,7.796355578598944192e+01
1.241692647533534810e+01,6.485922887390934477e+01
3.061655116320160630e+01,1.066810950567382221e+01
1.160160018874997512e+01,7.429579090857720303e+01
1.155656832418675961e+01,7.487592791161124239e+01
7.532036869136457824e+01,1.762686691628945423e+00
6.285981103691032956e+01,2.530776876551604548e+00
5.623106981709452157e+01,3.162622145084416747e+00
8.277859239957054172e+01,1.459364997440010026e+00
1.484510983658032757e+01,4.537672724253132372e+01
1.230576423608387593e+01,6.603631332478747140e+01
1.205059038319130416e+01,6.886258971363992032e+01
1.210213794356835670e+01,6.827721566377468321e+01
3.288556528493850095e+01,9.246755555724718079e+00
1.240510465284207342e+01,6.498290693438511312e+01
1.012861467275984673e+01,9.747649421648034718e+01
1.398334107406057747e+01,5.114204597267308117e+01
1.108315418878885161e+01,8.140915550744453810e+01
2.271387870223961158e+01,1.938283932067326987e+01
1.692228402754340166e+01,3.492062756183484851e+01
1.958168749681369292e+01,2.607953053034189139e+01
1.130761307874951882e+01,7.820924997436978288e+01
1.140754630877361997e+01,7.684498303952250353e+01
1.082669497358602406e+01,8.531162164769168044e+01
3.816118188542099432e+01,6.866831118212543217e+00
1.258399274093322440e+01,6.314850622752376808e+01
2.631702646865423745e+01,1.443864256795163037e+01
1.292866473871790056e+01,5.982637002098400103e+01
2.358186448965185988e+01,1.798223716312444864e+01
2.464460608763518934e+01,1.646479160394699903e+01
1.514215979307054027e+01,4.361384242529804567e+01
1.640367543307711884e+01,3.716359038843165052e+01
1.039396217820389090e+01,9.256306689242379093e+01
8.764571326072184831e+01,1.301783134518153640e+00
2.084304427320925868e+01,2.301853596330028040e+01
1.145186520793573770e+01,7.625135135328466163e+01
4.566475444184997912e+01,4.795542528101991664e+00
1.953485037299400062e+01,2.620473799404610915e+01
1.271418982469640113e+01,6.186180925689549781e+01
1.135620420410054798e+01,7.754139563530414136e+01
1.470572851289827554e+01,4.624096745982843970e+01
1.248120164915187935e+01,6.419293021590553394e+01
1.461938876558013511e+01,4.678876365620581623e+01
1.759153891192430663e+01,3.231411999836542748e+01
9.040699343766421237e+01,1.223477386492825447e+00
1.229963240054681783e+01,6.610217297564015837e+01
2.971196343242722548e+01,1.132758412587288177e+01
1.280039579490400925e+01,6.103138183072165646e+01
1.251439700793918597e+01,6.385282894622173444e+01
1.106043415257735951e+01,8.174395586942813452e+01
1.582573459149861961e+01,3.992751154520527024e+01
3.306786476576157696e+01,9.145083901458457731e+00
1.018526177866210780e+01,9.639524440820976281e+01
1.503539027061536082e+01,4.423546419950301356e+01
1.289941967635616216e+01,6.009794956610978289e+01
2.466539513066722122e+01,1.643704884837939417e+01
1.209687799185418200e+01,6.833660502640715606e+01
1.060670389416846326e+01,8.888717633042269028e+01
2.293834825793096854e+01,1.900534317122500383e+01
1.355594462135774769e+01,5.441773081492097930e+01
1.603733259624472751e+01,3.888084794897559959e+01
1.052387857000325333e+01,9.029180673994743245e+01
4.065318102792100063e+01,6.050774001385159195e+00
1.111384278243775725e+01,8.096018691475457274e+01
1.489902093839264907e+01,4.504893611186447799e+01
5.789741878548748844e+01,2.983194678114226228e+00
5.978511942715125826e+01,2.797781523265705950e+00
1.457230074871223380e+01,4.709163274398125054e+01
1.157888366621069309e+01,7.458759755271712777e+01
2.395792884239903131e+01,1.742213836895590973e+01
1.265514195083569149e+01,6.244044048502692590e+01
2.789281043303722640e+01,1.285332383224839070e+01
1.155369492428813771e+01,7.491317577712212028e+01
1.026720381092037293e+01,9.486273325479848495e+01
1.319229328937471202e+01,5.745917738970130983e+01
9.119804551383748503e+01,1.202344547019905896e+00
1.268892619545911415e+01,6.210838798365009694e+01
9.275296451818104515e+01,1.162370024215831021e+00
1.274970650780860737e+01,6.151763411490829725e+01
1.243926896378095748e+01,6.462644748164368025e+01
1.459634802776787588e+01,4.693659494905640628e+01
2.878585040509384996e+01,1.206818257348277790e+01
3.831647929526959473e+01,6.811281128532429285e+00
1.109766071086306916e+01,8.119646350281944081e+01
1.377228414215460717e+01,5.272153562464385601e+01
2.857426778872779494e+01,1.224756573402095405e+01
1.425772471139015707e+01,4.919257425236337866e+01
1.062993124174911230e+01,8.849914792063020741e+01
1.214589944968118473e+01,6.778609829578377344e+01
1.119176673051997106e+01,7.983672269277873568e+01
1.667011111216477204e+01,3.598512460698025706e+01
1.514880444955759131e+01,4.357559050313457760e+01
1.545710111007042542e+01,4.185466829256212407e+01
2.004798638383739373e+01,2.488046441825705557e+01
1.487788360342490179e+01,4.517703106056778495e+01
2.841340175166247661e+01,1.238664057602205126e+01
1.094290729479589785e+01,8.350924551551928232e+01
2.615894104974338319e+01,1.461368297561695684e+01
1.697553978347755432e+01,3.470186488643329881e+01
1.174124672374838241e+01,7.253900124306048269e+01
3.314626461427631909e+01,9.101873887693557208e+00
1.260983426407548436e+01,6.288994906334820456e+01
1.677294823218066000e+01,3.554521838684624413e+01
5.802121245392122972e+01,2.970478410094230082e+00
1.716155816074530449e+01,3.395365777583175060e+01
1.332490858382582566e+01,5.632115125290752644e+01
2.290088838469720045e+01,1.906756957974770472e+01
2.836923617594506197e+01,1.242523794580241514e+01
1.062056326182851862e+01,8.865533999068303217e+01
1.185466571833827132e+01,7.115761375981655590e+01
2.280198763144332119e+01,1.923333466376892531e+01
1.209731309299813518e+01,6.833168942240709498e+01
1.856720834097795603e+01,2.900726474837654223e+01
1.057949616916286928e+01,8.934495382448871226e+01
2.221237399559917947e+01,2.026796033136385944e+01
1.128713532429838651e+01,7.849329062445708871e+01
1.022290126050598680e+01,9.568671998056184691e+01
1.023862617744039305e+01,9.539302623052121533e+01
1.179845869149409054e+01,7.183720841159050963e+01
1.179020048416966837e+01,7.193787749270430254e+01
1.061757952477367262e+01,8.870517458632374996e+01
2.517388199305849383e+01,1.577973174456845662e+01
2.150637166870135886e+01,2.162049864813866051e+01
1.061208371551592755e+01,8.879707603910149771e+01
1.407637463062900984e+01,5.046826404928138032e+01
1.314675580472349203e+01,5.785791880080270033e+01
1.286085413575175451e+01,6.045891858431301102e+01
2.995854459201656184e+01,1.114188258823569910e+01
9.013462816431758995e+01,1.230882669776590443e+00
1.076049333350428583e+01,8.636457385786074781e+01
1.156971281086249626e+01,7.470588971463031669e+01
1.417974752229685720e+01,4.973510095599711889e+01
2.082027218158695447e+01,2.306891636807358026e+01
1.210094259424995577e+01,6.829070538221647269e+01
1.247244132212684065e+01,6.428313686229211044e+01
1.785180731445548474e+01,3.137874853569666200e+01
1.221444497850465361e+01,6.702742339285552475e+01
1.315658081047205386e+01,5.777153737097081176e+01
1.263301957143408139e+01,6.265931778023873022e+01
1.275738841162029047e+01,6.144357032501883964e+01
1.119645743511217617e+01,7.976984224628128572e+01
1.816260113872870363e+01,3.031404623226843853e+01
1.477775404752796184e+01,4.579131671731580866e+01
1.503419772125977438e+01,4.424248220838526180e+01
2.095115096732175175e+01,2.278160027581359159e+01
1.279084228765644582e+01,6.112258481506101049e+01
1.117020207972339563e+01,8.014527806202804072e+01
1.492502051371408633e+01,4.489212117984706651e+01
1.405589904120592237e+01,5.061540798038148381e+01
4.774359923666202832e+01,4.387020744892951463e+00
1.219313951788609884e+01,6.726186633777157908e+01
1.160462551664110542e+01,7.425705810682816832e+01
1.161648021315583534e+01,7.410557578200186413e+01
1.409579666723685420e+01,5.032928344276569987e+01
2.711506007491944814e+01,1.360125108798058946e+01
1.122085247252987017e+01,7.942336715920706069e+01
1.395168256250976135e+01,5.137440762765550062e+01
2.391728972464499492e+01,1.748139440156230862e+01
1.257061335325603757e+01,6.328300053514303869e+01
1.248699619833789498e+01,6.413336700628941855e+01
2.122725847320609915e+01,2.219280431431714007e+01
1.287230015309849307e+01,6.035144654681173648e+01
1.402679232195186998e+01,5.082568799173998286e+01
1.667976951429230326e+01,3.594346237933437038e+01
1.312891569422753157e+01,5.801526507078674655e+01
1.728530796786498414e+01,3.346923274938209403e+01
2.052138926190134072e+01,2.374578237051023777e+01
1.171073299373032306e+01,7.291751199686852658e+01
1.098750107258697817e+01,8.283276127566439584e+01
1.126125735962777341e+01,7.885445464061625387e+01
3.632681603393513825e+01,7.577838248275168276e+00
1.868765090953387542e+01,2.863456397933837394e+01
1.253847832842888543e+01,6.360779381716749015e+01
1.562117616773804940e+01,4.098005525543076288e+01
5.180979851063259645e+01,3.725428163131512260e+00
9.752645767317898162e+01,1.051368835586022232e+00
1.622228371885518783e+01,3.799933659203512804e+01
2.013732718444457959e+01,2.466018595839604188e+01
1.433749003842630287e+01,4.864673997624654334e+01
1.111524641077705589e+01,8.093974097348967689e+01
1.194641050323784981e+01,7.006887298068204473e+01
1.079226890472907918e+01,8.585675780761242493e+01
1.183360678965962443e+01,7.141110139006124768e+01
1.196171700097117530e+01,6.988966411939236423e+01
1.678870606948728295e+01,3.547852439572803007e+01
1.288603288790667101e+01,6.022288117776876248e+01
2.126555892957339822e+01,2.211293534944615047e+01
1.123026883669718856e+01,7.929023306985976660e+01
1.177821288384646436e+01,7.208438552046489178e+01
1.138076728078150524e+01,7.720704210815110002e+01
1.889798741281043348e+01,2.800070004232993526e+01
1.196412566096115171e+01,6.986152608457031477e+01
1.097230387889725023e+01,8.306237527455596137e+01
1.618140893176411765e+01,3.819155428283691123e+01
1.051492348087945317e+01,9.044566720120411674e+01
1.093776843823065192e+01,8.358773370956197368e+01
1.411650369989729725e+01,5.018173901169154760e+01
1.206270441820517192e+01,6.872434792022131944e+01
1.192860862754984552e+01,7.027816614530568984e+01
1.304991593403380534e+01,5.871980057823418520e+01
1.025334484358571707e+01,9.511934961765238938e+01
3.427269786531752516e+01,8.513407372613714941e+00
1.510498388548404947e+01,4.382878862285422628e+01
1.130564425962119834e+01,7.823649181414843667e+01
1.107650202947091422e+01,8.150696784710169140e+01
1.011376524275846833e+01,9.776294203477500844e+01
1.608760631666408614e+01,3.863822258272644206e+01
1.248759682581472497e+01,6.412719779109603735e+01
1.389968929283227794e+01,5.175946936319638070e+01
2.945241357330337095e+01,1.152811285849958267e+01
2.652674502553298552e+01,1.421124327709647517e+01
2.786802517431257087e+01,1.287619697240361738e+01
1.180653277132851642e+01,7.173898803827194115e+01
1.130336990332792624e+01,7.826797898310819335e+01
1.454979075976419622e+01,4.723745643839218644e+01
2.658078077016281782e+01,1.415352228111825994e+01
3.042357468006433407e+01,1.080387418265073229e+01
2.174350929547779643e+01,2.115147815919470631e+01
1.062914361072013669e+01,8.851226417158871129e+01
1.182753115678764111e+01,7.148448594767741326e+01
1.612474158223459142e+01,3.846045992760512888e+01
1.096730861564354420e+01,8.313805709160878621e+01
1.083997531314255092e+01,8.510271466094438608e+01
1.037181507160978278e+01,9.295879180626963034e+01
1.491362445901622991e+01,4.496075486892955553e+01
1.487444568590593619e+01,4.519791692868237476e+01
1.690589529141233527e+01,3.498836515747365183e+01
1.092401183262715314e+01,8.379839029389515304e+01
1.327496443396673698e+01,5.674574048860912967e+01
3.228901282125533356e+01,9.591586883320704970e+00
1.073760533539215167e+01,8.673315118875861174e+01
4.671046653404506799e+01,4.583229347095300277e+00
8.780390885193166639e+01,1.297096535974801013e+00
1.471358565001826513e+01,4.619159477493129629e+01
3.545930301780715155e+01,7.953157995802029312e+00
1.602375425194977154e+01,3.894677023107173852e+01
1.125516623623490808e+01,7.893982737914569725e+01
1.014453096222806039e+01,9.717086214395614263e+01
1.563591367545598310e+01,4.090284080261966437e+01
1.001428151298527958e+01,9.971498046205815058e+01
1.568333934822253006e+01,4.065583833701337824e+01
1.065234168500090739e+01,8.812716982457077108e+01
1.061966963921269524e+01,8.867026093508221152e+01
1.184572825075584568e+01,7.126502949119263519e+01
1.766719302949227099e+01,3.203796272611960916e+01
1.390811235758265596e+01,5.169679495662512636e+01
1.708891016817027619e+01,3.424295746426877685e+01
1.009187281716676665e+01,9.818755883839574494e+01
1.093731610613872185e+01,8.359464769027157161e+01
4.989111239520980945e+01,4.017479093719203753e+00
1.494751101171699226e+01,4.475713060005478638e+01
1.151418129639911747e+01,7.542822246624548654e+01
1.098217922629892485e+01,8.291306046276409347e+01
2.451637394985264606e+01,1.663747921386475070e+01
1.154085438399429719e+01,7.507996772285883935e+01
1.349346081233218975e+01,5.492287917051431378e+01
1.747513226136882025e+01,3.274606029745355329e+01
1.329516867561586935e+01,5.657340217111080705e+01
1.252517302864162652e+01,6.374300476881044375e+01
1.066088142463366140e+01,8.798604046908944554e+01
1.582018820416625715e+01,3.995551276250849781e+01
1.293179925833793931e+01,5.979737108592576078e+01
3.286884154904917210e+01,9.256167486970975133e+00
1.937060639641268978e+01,2.665100354036568930e+01
1.058872991349655024e+01,8.918919789183168234e+01
1.315689855364345640e+01,5.776874700365613080e+01
1.134578833568447997e+01,7.768383293127489253e+01
1.125300844318327265e+01,7.897010410790477408e+01
1.157470783879296583e+01,7.464142545456901701e+01
1.451393743963452110e+01,4.747112307810962761e+01
1.146096637525385908e+01,7.613029685570184313e+01
1.154420103164855504e+01,7.503644287842588767e+01
1.112705998156153164e+01,8.076796518185581419e+01
1.377407624277347686e+01,5.270781765930635032e+01
1.136223804757024958e+01,7.745906178323247104e+01
2.254008182168939456e+01,1.968289716846431503e+01
1.024744764293208021e+01,9.522885967606782742e+01
1.824310621249328079e+01,3.004709061646508061e+01
1.685960286503059535e+01,3.518076826211260766e+01
1.409192085172580811e+01,5.035697219363416366e+01
1.617262921321789193e+01,3.823303203009195528e+01
1.073417060737138229e+01,8.678866594765615616e+01
1.928335828312725297e+01,2.689271559817590784e+01
1.055441887346682961e+01,8.977002537072075938e+01
1.312790553801926663e+01,5.802419364431165860e+01
3.198118696476054268e+01,9.777117699424122677e+00
4.958092824613817129e+01,4.067903982290410170e+00
8.504294536672844629e+01,1.382685517049809798e+00
1.206954706734094707e+01,6.864644552756180929e+01
1.364287588867973788e+01,5.372644976225540603e+01
1.134502453944462808e+01,7.769429330826496027e+01
1.228337654014499591e+01,6.627724840747930557e+01
1.091092967848678263e+01,8.399945852515811850e+01
2.038165438361158621e+01,2.407249661064235013e+01
2.071212668810048996e+01,2.331044757408345447e+01
1.527772075896143988e+01,4.284329500042528593e+01
1.172213844107676550e+01,7.277568595485459468e+01
2.013844264209582491e+01,2.465745420482529227e+01
2.952932662670625774e+01,1.146813806420974480e+01
7.810123047321668821e+01,1.639397421387667642e+00
2.920806058911628966e+01,1.172180678102977502e+01
3.443464361282574515e+01,8.433518751894903076e+00
1.016735975747053011e+01,9.673499611808651366e+01
1.325112803729328093e+01,5.695007487141403857e+01
1.400562101420264227e+01,5.097946333272867747e+01
1.156850489803587934e+01,7.472149119714984522e+01
1.187723233857420801e+01,7.088747315608479482e+01
1.206166501329645513e+01,6.873619296853190974e+01
1.523082905637014584e+01,4.310750748977685731e+01
8.759995551657989665e+01,1.303143459795422787e+00
1.064569009208100603e+01,8.823733068457558204e+01
2.127841419257130084e+01,2.208622454971519034e+01
1.919930357968473444e+01,2.712870409423777929e+01
8.698222661079202567e+01,1.321718468621379650e+00
1.069233763185817310e+01,8.746910282570884476e+01
1.206912320253235649e+01,6.865126730673206623e+01
1.016466521581899052e+01,9.678628969623356681e+01
1.246448304064524848e+01,6.436524963231205732e+01
1.511714962232927739e+01,4.375827335138376384e+01
1.187219035102879516e+01,7.094769618840446412e+01
1.263366060837459059e+01,6.265295922438288301e+01
1.824924766402727272e+01,3.002687041850525418e+01
1.069222114932795620e+01,8.747100863700262607e+01
2.243195075953604345e+01,1.987311355323103967e+01
1.983148192366488871e+01,2.542668033688230977e+01
1.988543344836351068e+01,2.528889634166506184e+01
1.863795025435213404e+01,2.878748359683527624e+01
1.765754826514295317e+01,3.207297132249469485e+01
1.088887450809318835e+01,8.434008116560350743e+01
1.097689698673293357e+01,8.299287755988102333e+01
1.252925795571452028e+01,6.370144714745325842e+01
1.029711632393886944e+01,9.431239252844041232e+01
1.078272698835122512e+01,8.600877881062933739e+01
1.938816647752138067e+01,2.660274917338216838e+01
1.238615270856081629e+01,6.518191862982824603e+01
1.225663137013799187e+01,6.656681088382420342e+01
1.014669206885914576e+01,9.712947442273598142e+01
1.136784847539553844e+01,7.738262317891640407e+01
1.811503989534170955e+01,3.047343494307523315e+01
1.971672943715357107e+01,2.572351106728494941e+01
1.260939080355399078e+01,6.289437270291360704e+01
6.192896337639112403e+01,2.607428325325799712e+00
1.155209172485510294e+01,7.493397012287110215e+01
1.319827143447806428e+01,5.740713701338214037e+01
1.231141626900183539e+01,6.597569418341052483e+01
2.360917578225943103e+01,1.794065722144118880e+01
1.347814217081663379e+01,5.504779579520812405e+01
2.215339385348825729e+01,2.037602490026639046e+01
1.212737421519763892e+01,6.799335049394214536e+01
3.179577669598445766e+01,9.891476499428998537e+00
1.710534607065714141e+01,3.417718346428623732e+01
1.042596884706282268e+01,9.199562074356913399e+01
1.690431202160486279e+01,3.499491953440553260e+01
8.740839695426869582e+01,1.308861487603223406e+00
1.106774703512787283e+01,8.163596885865445074e+01
3.321753262859807876e+01,9.062859754741644736e+00
1.631585375827160433e+01,3.756474040792249980e+01
4.940806711000006146e+01,4.096418054472749759e+00
1.097941133768923905e+01,8.295487018026237536e+01
2.453887798746863780e+01,1.660697751149122325e+01
1.119857371832840798e+01,7.973969561665786898e+01
5.767588820550206918e+01,3.006155331243768991e+00
1.319179277688489904e+01,5.746353761306147589e+01
1.143515234427207439e+01,7.647440211371807095e+01
1.127222450572332058e+01,7.870108870604332196e+01
6.556585153232354912e+01,2.326186805936232282e+00
1.445952541364732369e+01,4.782906843209643455e+01
3.885502216538044706e+01,6.623776620250139580e+00
1.376438037675628934e+01,5.278210039773168916e+01
3.144466630151025655e+01,1.011360574074300089e+01
2.967702248356805583e+01,1.135427342990241684e+01
1.323985780712606974e+01,5.704707192979920194e+01
3.076878462390959612e+01,1.056280631330924002e+01
2.388602088370491217e+01,1.752719363548822074e+01
4.882231614447281487e+01,4.195302131891807562e+00
2.498936041782844697e+01,1.601362736392990271e+01
1.517926375330448785e+01,4.340088499955729162e+01
1.374223236650277613e+01,5.295237266623441741e+01
3.479540960559067742e+01,8.259544424452567313e+00
1.077733954059599242e+01,8.609478957725097814e+01
1.138976527589088583e+01,7.708510207547621462e+01
7.785116175635609181e+01,1.649946279688871087e+00
2.197727380965779531e+01,2.070390956693150031e+01
1.241009665276953555e+01,6.493063829677555532e+01
1.264430677393579394e+01,6.254749943367868781e+01
1.491631343043405344e+01,4.494454613368925067e+01
3.125928862079066661e+01,1.023391532248957958e+01
1.889230939877201365e+01,2.801753358620791090e+01
1.187782970086138867e+01,7.088034316022883274e+01
1.033970234276409172e+01,9.353710556921612351e+01
1.426973657498420067e+01,4.910979125360803721e+01
1.226407698503713739e+01,6.648600897938834464e+01
1.517437714529560999e+01,4.342884229345948199e+01
6.298817213436626616e+01,2.520472646932949257e+00
1.601605713972969980e+01,3.898421386568378466e+01
1.353081479408938392e+01,5.462005093898608976e+01
1.128253239119691820e+01,7.855734948159192754e+01
1.214899334029822420e+01,6.775157756416969335e+01
1.117331227809197003e+01,8.010066586219900842e+01
1.191612049057857270e+01,7.042554687249828760e+01
3.734119449235551969e+01,7.171724326473454703e+00
1.430825849323700005e+01,4.884571205382250270e+01
1.055012139658018455e+01,8.984317394735148810e+01
1.418524373778867265e+01,4.969656769137756669e+01
1.912053669736653916e+01,2.735267738856384767e+01
1.066540174693266074e+01,8.791147394339731136e+01
3.005958298035404752e+01,1.106710670913083483e+01
1.563342096197767894e+01,4.091588557271677473e+01
1.116483553913623794e+01,8.022234256578809664e+01
7.616165651395166947e+01,1.723960207694549496e+00
1.594938000083306662e+01,3.931084589874100033e+01
1.312204177745792499e+01,5.807606301105627722e+01
4.105364397816585154e+01,5.933303672121190253e+00
2.987186096355418030e+01,1.120664053163818252e+01
1.004037538139921004e+01,9.919735669100019493e+01
1.144225966853821141e+01,7.637942794180872852e+01
1.568224239970763456e+01,4.066152616151028099e+01
1.276149541159742640e+01,6.140402822945686268e+01
3.796524246313521900e+01,6.937893746431408992e+00
1.089816588918786699e+01,8.419633187900241467e+01
1.387060390172122304e+01,5.197676672250504737e+01
1.133208407260371331e+01,7.787183778625923480e+01
1.683370895245252896e+01,3.528908287938768495e+01
1.698025887559774816e+01,3.468257913321039609e+01
1.039981554325770219e+01,9.245890101647424331e+01
3.258905313442266305e+01,9.415784610527490273e+00
1.788111353982018770e+01,3.127597651407115009e+01
1.297631196026565448e+01,5.938782833301578279e+01
1.135030761195689664e+01,7.762198353963187003e+01
1.335541109303124152e+01,5.606418055847245796e+01
1.088121784778850021e+01,8.445881613791881648e+01
1.361044010796257631e+01,5.398283175174763215e+01
7.315945581402195330e+01,1.868353574459622246e+00
1.114002259672093231e+01,8.058011010111367511e+01
1.465499479439029606e+01,4.656168227337973065e+01
7.167700665040116803e+01,1.946436677720660313e+00
1.060845485394986909e+01,8.885783652010856315e+01
1.121425008672476231e+01,7.951691564853672389e+01
1.847262459651557265e+01,2.930507187897471155e+01
1.162866336403199519e+01,7.395037884532965222e+01
1.850134650939968139e+01,2.921415477888584533e+01
1.099053375018455370e+01,8.278705459626414154e+01
1.007429209444085494e+01,9.853055355015472117e+01
1.256466072709878290e+01,6.334297657191358866e+01
1.030281701988886489e+01,9.420805261259044983e+01
1.355188579004611071e+01,5.445033225049105141e+01
1.239983479540101285e+01,6.503815338420754699e+01
1.055180377593828212e+01,8.981452704397383968e+01
1.196330712183767986e+01,6.987108637555746782e+01
6.222067199916065761e+01,2.583036870768862237e+00
1.609930418373441086e+01,3.858209337629691049e+01
1.191555226302801884e+01,7.043226392417882664e+01
6.716146378530272898e+01,2.216969375488202498e+00
1.343136041642360645e+01,5.543192922345070883e+01
1.895786372498676187e+01,2.782410514353691866e+01
5.729270433341945079e+01,3.046501212779455514e+00
1.639515694185239880e+01,3.720221886419965074e+01
1.399236767420405769e+01,5.107608288384867734e+01
2.609943596983250558e+01,1.468039550364134627e+01
2.231753999588745074e+01,2.007739468362565916e+01
2.011191217996745806e+01,2.472255046449277671e+01
1.428383249909113140e+01,4.901291160735227237e+01
1.186391281543742870e+01,7.104673214077513421e+01
1.228703073890407893e+01,6.623783217584607996e+01
5.358133623027973158e+01,3.483155954925658548e+00
1.683272179963416804e+01,3.529322204826418385e+01
1.015889938326483311e+01,9.689618583450770473e+01
1.849652947963371474e+01,2.922937317732062112e+01
1.710592301838663687e+01,3.417487805044242322e+01
3.680956962777676011e+01,7.380376553140981066e+00
3.149589219055798495e+01,1.008073433433570365e+01
1.143700540323091275e+01,7.644962288337076473e+01
1.045635832013576838e+01,9.146166125910659161e+01
1.562072052616384354e+01,4.098244598883921697e+01
1.476839880228599000e+01,4.584934937041924741e+01
1.408249331278840444e+01,5.042441781053329919e+01
2.583760660961263866e+01,1.497943513839789631e+01
5.821370272393921397e+01,2.950866434803674831e+00
7.169608734396396699e+01,1.945400793583656807e+00
1.289061720033113190e+01,6.018005446022100102e+01
1.199289340428484607e+01,6.952676983410337641e+01
1.806876814049450886e+01,3.062971176160634812e+01
5.062272920024983591e+01,3.902194291431261064e+00
1.306716673148578778e+01,5.856486343412048967e+01
1.895354042968568820e+01,2.783679992662815295e+01
1.197054668544121725e+01,6.978659846919769905e+01
1.311194170775107359e+01,5.816556893089425984e+01
3.575593058894003207e+01,7.821748164439324746e+00
3.237326681738506551e+01,9.541726119000138340e+00
1.321736510015360366e+01,5.724139732822754212e+01
1.601094496994078042e+01,3.900911255058213811e+01
1.201340300860880816e+01,6.928957654024495127e+01
1.340038284713748062e+01,5.568850863694338216e+01
1.908466848456906817e+01,2.745558864408687327e+01
1.049494895064400346e+01,9.079027658220334729e+01
1.421342600720015170e+01,4.949968714377816781e+01
1.219858128852368573e+01,6.720186886769157297e+01
5.342549326574631863e+01,3.503506429261358246e+00
1.187770761662445729e+01,7.088180024561246739e+01
1.332702697621359178e+01,5.630324766258145530e+01
2.041358381734807637e+01,2.399725062916531471e+01
1.237564247756314018e+01,6.529267941331725922e+01
3.969711129835133789e+01,6.345738773905287289e+00
1.476872802422462172e+01,4.584730526162169184e+01
1.088555152811316695e+01,8.439158120717243605e+01
6.857669241597014320e+01,2.126409633463179016e+00
1.238770343332419976e+01,6.516560036886740193e+01
1.080531995170568393e+01,8.564948141371561974e+01
1.530305197696098318e+01,4.270157495420975380e+01
4.004967676179325764e+01,6.234504883431224442e+00
1.267612922237899653e+01,6.223385223906975483e+01
7.259311491396428551e+01,1.897619506060930439e+00
1.253425350692064910e+01,6.365068059377099985e+01
1.119993083029061509e+01,7.972037243688167507e+01
1.071738110069768801e+01,8.706079963890589113e+01
6.547925259298364153e+01,2.332343825507211310e+00
1.038616413320934306e+01,9.270211378653391421e+01
1.348512356523680289e+01,5.499081287002713481e+01
1.173770350650568517e+01,7.258280201429086276e+01
1.341758475099801728e+01,5.554581018195744946e+01
1.143616984271406167e+01,7.646079456424938314e+01
1.038811006484460187e+01,9.266738656878857228e+01
1.625675697995978197e+01,3.783834850136057781e+01
1.061147837764537449e+01,8.880720728833394162e+01
1.048124460386093126e+01,9.102785043888228245e+01
1.181337850829062219e+01,7.165586804917344921e+01
9.911700301723132611e+01,1.017896629310915957e+00
1.768969223308947036e+01,3.195651752829680348e+01
2.305513374312206309e+01,1.881328818671970282e+01
1.789160122252440743e+01,3.123932061314596353e+01
3.089649326576499533e+01,1.047566543849644738e+01
1.232244183485750710e+01,6.585768284445687470e+01
1.134993657039809101e+01,7.762705871381612610e+01
2.713807023324630663e+01,1.357819607653920890e+01
1.042261416161064602e+01,9.205485080473218318e+01
2.314309168499502789e+01,1.867055587200480815e+01
1.345864867059020753e+01,5.520737367946261998e+01
1.225083329740269811e+01,6.662983525698329856e+01
1.962362858237200669e+01,2.596817141680468666e+01
1.447851187807255080e+01,4.770370893519411482e+01
1.618289353201861402e+01,3.818454730471695058e+01
1.144104007171247694e+01,7.639571266281646444e+01
5.722010250532798636e+01,3.054237021248144224e+00
1.244889171252126836e+01,6.452657614717199408e+01
1.338426031910034197e+01,5.582275293346580725e+01
1.173168526970933812e+01,7.265728961297475053e+01
2.380907747498002891e+01,1.764066137927090594e+01
1.258250740351966890e+01,6.316341619294753684e+01
1.001930756165523206e+01,9.961496424063473398e+01
4.478321224650698440e+01,4.986197956949928844e+00
1.288328185980255292e+01,6.024860327701334484e+01
3.180942923176780823e+01,9.882987522425345617e+00
1.429306592124402897e+01,4.894960668329773767e+01
2.827683465518829919e+01,1.250657567426471140e+01
1.769661010453704009e+01,3.193153784361600600e+01
9.186139877589981495e+01,1.185042406351223043e+00
1.825235183725979482e+01,3.001665796125509189e+01
1.060040917845392983e+01,8.899277331685470926e+01
5.029326995443794601e+01,3.953486437084875682e+00
1.190578755001065048e+01,7.054784349019388401e+01
1.663753556737058403e+01,3.612617706339658241e+01
3.177896609154615248e+01,9.901944157725171891e+00
1.519065252362579521e+01,4.333583217541328025e+01
2.363741000178579554e+01,1.789782360047708565e+01
1.261115273372625545e+01,6.287679972538489892e+01
1.083210621841002030e+01,8.522640705438844577e+01
1.400615948662625598e+01,5.097554355621628730e+01
1.796004509840106778e+01,3.100167465455454163e+01
1.173742765618096229e+01,7.258621370301302989e+01
2.166140837811559550e+01,2.131211837895955341e+01
1.120021792031307584e+01,7.971628561815165881e+01
1.698220892766545020e+01,3.467461445060277470e+01
1.375961909473163125e+01,5.281863541297766318e+01
1.832828186003911242e+01,2.976846836001538676e+01
1.664060256680663130e+01,3.611286158955402215e+01
7.822508848335539255e+01,1.634210038301936008e+00
1.860295053480894367e+01,2.889590743634852998e+01
1.450941709019673276e+01,4.750070655343294845e+01
1.183753248650000778e+01,7.136374492435777483e+01
7.191759577690986305e+01,1.933435458843068444e+00
3.792970998375098191e+01,6.950898646105945211e+00
1.064297979121902493e+01,8.828227677459635458e+01
1.244386070156528667e+01,6.457876244908165120e+01
1.276790781243628814e+01,6.134236607267042984e+01
1.115037302881171932e+01,8.043058113857455282e+01
1.276040570507398009e+01,6.141451617611751601e+01
1.009008047865861180e+01,9.822244477881324087e+01
1.121813497759721123e+01,7.946185104980010294e+01
5.414794743338695326e+01,3.410640954811073211e+00
1.289953272227570658e+01,6.009689622590768465e+01
1.911639432857403520e+01,2.736453288300340247e+01
1.100759233843583296e+01,8.253066137983218198e+01
1.764269381667391556e+01,3.212700239855779216e+01
1.113605690441126050e+01,8.063751153586923692e+01
1.355302352827748003e+01,5.444119072951466620e+01
1.197545155387671656e+01,6.972944421749598121e+01
1.035181082618720971e+01,9.331841337784156565e+01
3.970144118201363881e+01,6.344354702620932152e+00
1.701337378501111530e+01,3.454769786301955747e+01
1.457975706238270774e+01,4.704347827928964421e+01
1.466347242637372617e+01,4.650785891030208319e+01
1.217093192257401668e+01,6.750754794592398866e+01
1.691919500686958600e+01,3.493337998742778439e+01
1.615897230746434943e+01,3.829768534504091804e+01
1.721074845435285283e+01,3.375984823854348349e+01
1.140187630794372353e+01,7.692143001061691621e+01
1.057598403817397426e+01,8.940430400554927814e+01
3.100774510599152123e+01,1.040062958317781749e+01
1.784438822480604969e+01,3.140484639246417942e+01
1.544380860553954449e+01,4.192674802485331753e+01
1.178397643310213816e+01,7.201388974044556335e+01
1.034266700251598792e+01,9.348348962118929251e+01
1.207051596331814913e+01,6.863542551885542764e+01
1.032212453694714860e+01,9.385595020779037156e+01
8.446565921682130806e+01,1.401650215822805912e+00
1.010691036254906372e+01,9.789559988843656413e+01
1.369804085772650737e+01,5.329458508885182511e+01
1.201227371501477670e+01,6.930260520657422774e+01
1.078870176511072287e+01,8.591354196567570511e+01
2.083101225360800868e+01,2.304513471506570710e+01
1.298192027161284479e+01,5.933652721871796842e+01
3.400760845029990520e+01,8.646648739488814073e+00
1.349990943803404697e+01,5.487042067064764694e+01
1.034257717628676687e+01,9.348511345356480717e+01
1.189051503161109302e+01,7.072918722246771495e+01
1.578121660244282509e+01,4.015309613398453337e+01
2.241256267029288196e+01,1.990751107914304185e+01
2.175527602506098290e+01,2.112860403735927051e+01
1.258926036391792103e+01,6.309567183999476470e+01
1.167384093602841233e+01,7.337911288898635576e+01
1.339443930561852092e+01,5.573794115000563920e+01
2.013276542196173580e+01,2.467136243151605868e+01
1.715991777459843703e+01,3.396014962185792996e+01
1.674815365236150910e+01,3.565054117626718266e+01
1.184123333912567588e+01,7.131914392320601337e+01
1.660588124462422854e+01,3.626403660548193386e+01
5.143121998706170928e+01,3.780474800501914423e+00
1.915583184419820739e+01,2.725197412816276454e+01
1.463572330163701096e+01,4.668438258269738839e+01
1.273112401308628705e+01,6.169734886567734122e+01
1.940026468031974716e+01,2.656958002783261108e+01
1.252247024249765595e+01,6.377052366869943967e+01
1.184044688401629841e+01,7.132861842504533456e+01
2.203015531217222644e+01,2.060463293643605809e+01
1.398758310563369811e+01,5.111103085371718890e+01
1.223385829031705363e+01,6.681486708970842869e+01
1.774917343913204348e+01,3.174269042252669593e+01
6.980693747642747837e+01,2.052120360407812427e+00
1.219755465717689269e+01,6.721318170054810537e+01
4.175964479296153797e+01,5.734379197771693804e+00
2.340802903339553254e+01,1.825031249295351898e+01
1.272358923258560992e+01,6.177044359077366664e+01
1.073753028309273638e+01,8.673436367338226205e+01
1.462355739606758576e+01,4.676209199741164468e+01
1.319418001009312036e+01,5.744274564945212092e+01
1.037485478571178810e+01,9.290432805490694079e+01
1.896564909602543736e+01,2.780126632373509210e+01
1.137297155879914179e+01,7.731292312900720276e+01
1.668572313296393261e+01,3.591781704294827193e+01
1.192979916981007982e+01,7.026413993234625366e+01
3.334490274205222704e+01,8.993755770371830494e+00
9.122782531211942114e+01,1.201559704590811517e+00
1.285818508087363909e+01,6.048402087031441710e+01
6.895807765363181829e+01,2.102953683673637997e+00
1.214109749885262701e+01,6.783972934216802742e+01
1.092356967392439770e+01,8.380517432851776505e+01
3.498984846387168091e+01,8.168002777573635242e+00
1.015278584550175722e+01,9.701291376547570167e+01
1.960070147989702605e+01,2.602895731625402931e+01
1.031878767476434611e+01,9.391666179894190236e+01
2.763539101396225206e+01,1.309389253965461819e+01
3.124698558115747815e+01,1.024197581541292834e+01
1.008905734870714355e+01,9.824236723881006128e+01
1.228182026329872123e+01,6.629404596352846113e+01
1.001844457803006172e+01,9.963212654259267254e+01
1.224499818685856667e+01,6.669335263509741196e+01
1.054821637735613216e+01,8.987562842545503372e+01
1.936830794004763234e+01,2.665732931787577087e+01
1.651294401381252186e+01,3.667338376319207072e+01
5.148237250604155690e+01,3.772966026967246034e+00
2.306708259084922830e+01,1.879380250690127596e+01
1.187757615669082867e+01,7.088336928094405209e+01
1.136877934410415492e+01,7.736995161386684572e+01
1.721569929042362901e+01,3.374043393083924514e+01
1.351318200889004295e+01,5.476268677145557717e+01
2.285583745076800710e+01,1.914281148802441734e+01
1.543468446889934853e+01,4.197633225166711668e+01
1.337725358875418458e+01,5.588124586830001306e+01
1.337119717918168860e+01,5.593187953334263085e+01
1.232274374836369191e+01,6.585445579035804542e+01
1.895610208277299336e+01,2.782927692363894678e+01
1.012474983156376673e+01,9.755092629234999890e+01
2.233944363164067326e+01,2.003804255356398656e+01
2.374044896056791742e+01,1.774279948568184651e+01
1.182572015881603100e+01,7.150638197937314544e+01
8.955418589490695069e+01,1.246890222850791874e+00
1.760764408398449277e+01,3.225503356386934684e+01
1.311543591722112190e+01,5.813458016175954413e+01
1.913569138699409677e+01,2.730937012718473866e+01
2.722806781646221808e+01,1.348858374865325693e+01
1.240883494580919333e+01,6.494384301801598269e+01
8.124163095217306818e+01,1.515105006072064997e+00
7.328396342845485378e+01,1.862010395837135901e+00
1.194201968669955072e+01,7.012040800309631550e+01
1.097078114343145039e+01,8.308543485451680510e+01
3.432587831025381320e+01,8.487048479663171108e+00
1.111908790733227370e+01,8.088382343282762577e+01
1.150971356905485088e+01,7.548679180166477920e+01
1.026504199498991632e+01,9.490269361005395865e+01
2.227852671590832045e+01,2.014777374046408909e+01
2.973382024459014517e+01,1.131093682802806555e+01
1.327237742068052917e+01,5.676786407461555939e+01
1.687286676703102017e+01,3.512547820898575424e+01
1.725121356789443183e+01,3.360165717530691154e+01
1.317089997003425772e+01,5.764598935470942820e+01
1.106910878845373958e+01,8.161588391484862370e+01
1.270878231340594589e+01,6.191446412052525261e+01
1.194930376823351104e+01,7.003494576980216380e+01
4.404205412971686684e+01,5.155429678111541847e+00
1.167208102329132124e+01,7.340124271674534384e+01
1.286175026036094593e+01,6.045049409522279404e+01
6.682005002852072550e+01,2.239682244583581117e+00
2.467349144702853536e+01,1.642626336927008524e+01
1.006607401032009363e+01,9.869150267791783904e+01
1.771348125919954697e+01,3.187074060634597217e+01
1.940644123423145118e+01,2.655266993846618107e+01
3.113206555715325763e+01,1.031772925307465627e+01
1.048649399842584451e+01,9.093673867110145181e+01
1.255596933418741479e+01,6.343070046286239716e+01
1.085128833215838107e+01,8.492535935856651008e+01
1.253674156146733232e+01,6.362541874248388041e+01
1.516585259762631210e+01,4.347767769913993163e+01
2.273990231879703572e+01,1.933850113961158712e+01
1.311012740264023790e+01,5.818166906293377139e+01
2.840137482997094054e+01,1.239713335669942573e+01
2.013057005313397596e+01,2.467674386813469667e+01
4.239715320306788016e+01,5.563224770821940446e+00
1.150419446692032999e+01,7.555923829079188181e+01
1.073521460814907869e+01,8.677178635423202024e+01
1.674333411932049032e+01,3.567106799473302203e+01
1.261329152326276137e+01,6.285547795708465912e+01
1.109484979516917846e+01,8.123761148228297202e+01
1.458286366633977593e+01,4.702343696335139356e+01
1.060674503080998221e+01,8.888648686106951402e+01
1.097978602019374605e+01,8.294920864767243529e+01
2.097695990290079138e+01,2.272557622334596772e+01
1.181555232340712358e+01,7.162950410511311361e+01
1.045677614560841739e+01,9.145435226676961804e+01
1.087340411632650472e+01,8.458024556717153075e+01
1.729555473118282904e+01,3.342958675700165827e+01
1.040968422100858959e+01,9.228367676047889745e+01
1.687644432530360916e+01,3.511058761671156958e+01
1.222321106633603272e+01,6.693131810841050822e+01
1.577400797692453338e+01,4.018980396017356327e+01
1.056161600577658533e+01,8.964772086461920253e+01
1.067198882157811823e+01,8.780298418800997240e+01
1.003291071271428336e+01,9.934502089073976094e+01
1.167914981351082560e+01,7.331241759234200117e+01
1.123867657354103500e+01,7.917164222935323892e+01
1.196843784554960521e+01,6.981119344645809122e+01
1.105631768711531926e+01,8.180483668388598062e+01
1.420412897787266715e+01,4.956450641586081929e+01
2.444348538597579434e+01,1.673685047853476604e+01
1.023712858239416690e+01,9.542093846624622699e+01
2.282637622944648470e+01,1.919225731762579557e+01
1.952834457950398672e+01,2.622220091938227426e+01
2.207516481353906812e+01,2.052069618575108834e+01
1.620746095618858362e+01,3.806887403726440766e+01
4.962468490624371498e+01,4.060733380915641177e+00
1.055635781580946464e+01,8.973705132395849660e+01
1.020800088536744887e+01,9.596626709645229880e+01
1.035760787595779320e+01,9.321398384060310605e+01
1.318050379183126530e+01,5.756201379159770681e+01
2.280849259242274130e+01,1.922236556968621102e+01
1.698115120662422584e+01,3.467893420620625733e+01
1.070314087898986344e+01,8.729261753962801151e+01
1.090437996524248376e+01,8.410039734024361735e+01
1.267593362277881930e+01,6.223577288821428510e+01
1.164432398606988173e+01,7.375159870915361182e+01
1.043435056182676490e+01,9.184788345015792288e+01
1.711286344315065122e+01,3.414716321793817855e+01
1.048992497959735637e+01,9.087726232310387786e+01
1.039982432001225554e+01,9.245874495831148465e+01
1.241133001134231684e+01,6.491773415511624989e+01
3.880353734994580606e+01,6.641365230803978115e+00
1.232556715643047518e+01,6.582428878814644690e+01
1.330221144732596805e+01,5.651351316936566604e+01
1.021449428020149774e+01,9.584429359929366399e+01
1.024685746502061612e+01,9.523982959308105478e+01
9.949462676370544045e+01,1.010184604933247909e+00
1.173073496249056191e+01,7.266906202856104358e+01
1.116034914719337223e+01,8.028685330952150423e+01
3.950380537487754395e+01,6.407994556198136848e+00
1.329919528511215177e+01,5.653914979597367108e+01
1.528618358602185090e+01,4.279586981693420711e+01
1.569561332025994815e+01,4.059227745534303011e+01
1.143960672931948075e+01,7.641485808909762056e+01
1.003689180491532973e+01,9.926622692573529605e+01
1.595198851692649455e+01,3.929799049955363444e+01
1.257333384508178398e+01,6.325561841635688154e+01
1.179888152704820925e+01,7.183205965550266114e+01
1.117196583817769628e+01,8.011997441260065500e+01
2.379282203869091816e+01,1.766477408047457587e+01
1.262211604347926830e+01,6.276762017783835290e+01
2.357270200244004954e+01,1.799621893227013203e+01
5.596574523257967826e+01,3.192680191228465691e+00
2.520537223367071178e+01,1.574032767308684022e+01
1.343212331301482543e+01,5.542563273138663504e+01
1.391292687638724423e+01,5.166102216359326604e+01
1.707745553750398315e+01,3.428890950631782175e+01
1.627679598092150570e+01,3.774523730776270014e+01
3.866950832801249760e+01,6.687483132774270089e+00
2.743008889313819765e+01,1.329063006604230601e+01
1.144104473156865254e+01,7.639565043196792260e+01
1.237895863079654823e+01,6.525770207233550479e+01
1.142424835199609667e+01,7.662045535331645851e+01
1.159767157044796626e+01,7.434613364127567081e+01
2.785188613388614343e+01,1.289112376558828288e+01
2.267559696146766512e+01,1.944834014733464045e+01
1.861495983102518892e+01,2.885863552423881018e+01
1.097588611103667766e+01,8.300816550026465279e+01
2.101859325237338894e+01,2.263563635030770627e+01
1.356393419619943863e+01,5.435364225787242987e+01
1.411182639949317519e+01,5.021500954083949608e+01
5.962977856249803921e+01,2.812377448656505852e+00
1.298938248246054528e+01,5.926837086226834828e+01
1.091562200003526328e+01,8.392725599712650819e+01
1.161390475847244552e+01,7.413844615899870405e+01
4.092685027297976319e+01,5.970124042817430698e+00
1.884413308373873619e+01,2.816097419160910320e+01
1.015128389270460474e+01,9.704162335493153080e+01
2.125269608473637462e+01,2.213971043059703447e+01
6.548120925192507968e+01,2.332204440994620764e+00
1.785774886505985037e+01,3.135787161461834316e+01
2.191167812719186969e+01,2.082805522861540126e+01
2.727261694022608651e+01,1.344455322477794645e+01
1.188429366171272150e+01,7.080325937623140931e+01
2.454238457235233639e+01,1.660223228260362660e+01
2.619315985946897740e+01,1.457552521243437482e+01
1.011938271110551035e+01,9.765443189780430089e+01
1.719711488457236470e+01,3.381339788285445991e+01
1.512516666224141915e+01,4.371189781602514302e+01
8.428740534903978698e+01,1.407584999706410489e+00
1.257965931709054352e+01,6.319202034325226691e+01
1.946835556915459620e+01,2.638404997067143043e+01
1.005406180489448964e+01,9.892746916058938211e+01
1.127296080356895658e+01,7.869080825698594595e+01
1.289842320509924889e+01,6.010723569227261720e+01
3.098481872808826409e+01,1.041602660603622965e+01
1.087747923553222407e+01,8.451688345697277782e+01
1.085463102896448184e+01,8.487306167729587969e+01
1.867023762894821814e+01,2.868800242325677630e+01
1.762137778265039501e+01,3.220477548617610353e+01
1.098843517405925851e+01,8.281867903113476359e+01
1.059317578207361699e+01,8.911434965903271177e+01
2.247555918384678364e+01,1.979607036045198143e+01
1.602015114903661086e+01,3.896429128948644660e+01
1.683100426375111169e+01,3.530042547679708775e+01
1.047180222542596795e+01,9.119208328169352740e+01
1.066967352805384550e+01,8.784109439575979650e+01
1.065700965723261362e+01,8.804998399106494844e+01
1.078563976340563357e+01,8.596232993925438848e+01
1.011080007680926762e+01,9.782029176995921205e+01
1.974082811718588459e+01,2.566074528210650030e+01
1.097567771183949858e+01,8.301131774283837217e+01
1.280835165931898878e+01,6.095558650425887492e+01
1.152694277462486916e+01,7.526130174777027548e+01
1.126574566328706695e+01,7.879163549912286157e+01
1.051746854569861611e+01,9.040189959050613311e+01
1.025655161723721598e+01,9.505987962201936625e+01
1.022641999789576772e+01,9.562088295966736951e+01
1.102411217664957022e+01,8.228349922894761903e+01
1.028565684356803622e+01,9.452266068786511255e+01
1.675512742924875553e+01,3.562087059556256463e+01
5.891970494717484996e+01,2.880572917879600681e+00
1.136180575686237049e+01,7.746495617544039192e+01
1.003735624070911570e+01,9.925704089682727727e+01
1.132582673698766484e+01,7.795790741099118293e+01
1.188135349015783682e+01,7.083830580201491500e+01
1.479914763759235363e+01,4.565902091218224257e+01
1.273815658804286954e+01,6.162924302091163753e+01
2.003745453085004868e+01,2.490662605047682732e+01
2.811699725666569449e+01,1.264917272595022624e+01
1.250570185924749467e+01,6.394165288678331649e+01
1.220316955397988501e+01,6.715134395351627461e+01
1.420995865229517641e+01,4.952384680914972392e+01
1.721107466428899713e+01,3.375856851676114445e+01
8.688401711491010815e+01,1.324708170793005069e+00
2.358952165660766909e+01,1.797056497692208410e+01
2.276633446299982211e+01,1.929362247725654811e+01
1.092434577629273740e+01,8.379326714703023526e+01
1.124816335992760585e+01,7.903815061858750823e+01
1.336086986902826013e+01,5.601837825858790865e+01
1.613043512724834727e+01,3.843331401217541554e+01
1.658837556074445629e+01,3.634061574060972788e+01
1.793241404136714578e+01,3.109728576292021529e+01
2.281553278818553565e+01,1.921050449779256653e+01
1.223962861380454470e+01,6.675188274147294010e+01
1.343498452639703977e+01,5.540202754224655024e+01
1.262201717772618892e+01,6.276860347428834785e+01
1.153521752974886994e+01,7.515336351947910032e+01
1.533325903946080970e+01,4.253349345548144811e+01
1.017058431553371989e+01,9.667366666952801779e+01
1.233619584256261170e+01,6.571091116011891131e+01
1.110041394407376281e+01,8.115619021622718776e+01
1.880714485622834786e+01,2.827185213887114656e+01
2.096741382686318644e+01,2.274627400370387065e+01
1.060822443898467604e+01,8.886169661899323557e+01
1.072125358883172375e+01,8.699791874100165501e+01
2.577215311759218963e+01,1.505561824699911533e+01
1.737453262944154275e+01,3.312636158279658360e+01
1.150185270972598595e+01,7.559000888172397481e+01
9.258701342360382114e+01,1.166540575627957876e+00
1.173281278215603862e+01,7.264332568742868546e+01
2.274937073387195241e+01,1.932240690533971517e+01
1.067551683431237031e+01,8.774496004450659825e+01
1.197915104156775357e+01,6.968638216966627397e+01
1.039505328082191937e+01,9.254363639958317833e+01
1.280659279655460914e+01,6.097233098507307147e+01
1.074094435363186406e+01,8.667923441012162300e+01
1.781439744451444440e+01,3.151067637237191832e+01
1.074406738263211913e+01,8.662885080583824049e+01
1.086829288140732253e+01,8.465981853497126508e+01
9.476254636450451585e+01,1.113593162597586783e+00
3.476486680569325927e+01,8.274063705093121612e+00
1.199129816353551270e+01,6.954526980172673234e+01
2.317285402166852037e+01,1.862262716003442975e+01
1.007223879273265865e+01,9.857073003516207166e+01
4.255300281533479989e+01,5.522548972084440067e+00
2.589471252211477292e+01,1.491343934222760303e+01
9.681652284325144819e+01,1.066844292490873425e+00
1.177054597868592900e+01,7.217832239323108467e+01
3.093818099400840538e+01,1.044745353597394022e+01
1.001615316204157757e+01,9.967771785059456136e+01
1.716040766123206396e+01,3.395821069520336977e+01
1.041078896036677293e+01,9.226409246171924394e+01
1.294843420963247560e+01,5.964382551072679206e+01
3.755503782438944427e+01,7.090283370351345482e+00
1.013578485269101215e+01,9.733863083461284305e+01
1.415601607868918066e+01,4.990199467313292558e+01
1.070877271002519038e+01,8.720082588186224370e+01
2.065075044683168670e+01,2.344921577684125680e+01
1.048356106656217790e+01,9.098762759423549085e+01
1.576003863345301959e+01,4.026108221093863193e+01
1.331003614001889268e+01,5.644708646870742541e+01
1.122169504113534266e+01,7.941144077497182252e+01
1.684067056583555910e+01,3.525991323637991570e+01
1.121023032588294654e+01,7.957395217365977658e+01
2.094939263000850715e+01,2.278542467488837886e+01
1.137964099347991898e+01,7.722232582657784405e+01
6.023054244047449401e+01,2.756553660195376398e+00
1.610845446214572263e+01,3.853827332800806005e+01
1.421957731787701995e+01,4.945686982406190424e+01
1.113261217543109183e+01,8.068742207688536894e+01
1.207661449064211823e+01,6.856612309459141841e+01
1.804320847355626611e+01,3.071655216389674337e+01
1.013597502078581769e+01,9.733497839302870602e+01
1.147642702482851007e+01,7.592531476222548292e+01
2.526193407446863404e+01,1.566992093337976044e+01
1.977862022395295583e+01,2.556277615035470419e+01
2.047424016529293311e+01,2.385527422996027624e+01
6.787530435096834935e+01,2.170583113826499932e+00
1.168931881215818613e+01,7.318491835797765077e+01
1.080307475985160437e+01,8.568508599943891113e+01
1.064545757846622465e+01,8.824118521212781729e+01
1.206054953333683954e+01,6.874890837446359626e+01
1.013663168466628939e+01,9.732236783435126881e+01
1.238643961471713517e+01,6.517889905717763099e+01
1.036593536328184406e+01,9.306427685408139894e+01
1.247150194962333991e+01,6.429282103435521378e+01
1.409610062693004195e+01,5.032711292639108080e+01
2.205286871286110539e+01,2.056221121973819521e+01
4.915639810616394101e+01,4.138470791359069700e+00
2.139265386773936939e+01,2.185096751018609851e+01
1.540871121066789939e+01,4.211796395428174833e+01
1.048357500233666784e+01,9.098738569541444576e+01
1.457051355075091870e+01,4.710318583458994368e+01
1.339640122192316163e+01,5.572161659145037760e+01
1.063158143430587899e+01,8.847167706840515677e+01
1.081839241984545019e+01,8.544261636285796158e+01
1.192564176658578212e+01,7.031313809697880401e+01
1.007823601851355377e+01,9.845345256019197677e+01
1.054875316733170010e+01,8.986648173140945062e+01
1.189257627324097655e+01,7.070467154015963729e+01
6.346757685126209481e+01,2.482539485913088040e+00
2.564787766861469720e+01,1.520187414884948751e+01
7.086335544574008338e+01,1.991391158260825023e+00
1.701002663021600370e+01,3.456129547486166587e+01
1.249017882315541783e+01,6.410068749971232194e+01
1.126912619553218065e+01,7.874437048343141043e+01
1.567614980777637079e+01,4.069313879989585558e+01
1.079812567457226358e+01,8.576364777775619075e+01
1.678931614225897562e+01,3.547594607886474449e+01
3.444566708191576510e+01,8.428121744646089653e+00
1.515774785144538939e+01,4.352418457498485083e+01
1.918735670982860242e+01,2.716249759714859735e+01
1.445792794777808865e+01,4.783963834580599439e+01
1.116974005195151420e+01,8.015190849566801035e+01
1.182694067388289838e+01,7.149162412851174508e+01
1.003818181811044852e+01,9.924071503191119348e+01
2.218445274666427736e+01,2.031901075808310253e+01
1.038125549862751917e+01,9.278980036384790253e+01
1.086700229910875493e+01,8.467992839566070984e+01
3.173940490403931847e+01,9.926643852369998910e+00
1.228355050338359788e+01,6.627537114517942030e+01
2.318781870065797079e+01,1.859859801655489520e+01
5.963922290059682041e+01,2.811486795186519672e+00
1.038573511900632518e+01,9.270977262713196865e+01
6.518430132890327400e+01,2.353498739849308130e+00
1.869539765001493237e+01,2.861083850617163193e+01
1.405781064565943872e+01,5.060164338172722864e+01
6.127884838937215761e+01,2.663046868776083098e+00
1.646202408723607746e+01,3.690060905525903223e+01
1.121307008757770518e+01,7.953365233687787850e+01
1.026646580591660829e+01,9.487637216217740388e+01
1.098921179991782004e+01,8.280697357743913756e+01
1.211275935343556576e+01,6.815752661275261914e+01
1.312828543764991096e+01,5.802083554383483488e+01
1.854099175050930981e+01,2.908935412488296279e+01
1.352828986503197228e+01,5.464044148724904915e+01
1.183953220223869174e+01,7.133964006113802725e+01
1.097893300580694387e+01,8.296209871942355107e+01
1.172598128283514640e+01,7.272799363602517531e+01
1.254795103646033638e+01,6.351179238659501891e+01
1.168989950263537914e+01,7.317764768304567724e+01
1.010232212765757431e+01,9.798454379701070138e+01
1.231702064176825040e+01,6.591566858568130272e+01
1.072511353341405993e+01,8.693530929338146507e+01
3.146359633928338084e+01,1.010143972236998344e+01
1.194142901492482878e+01,7.012734505730361434e+01
2.190036027398278407e+01,2.084958818786696710e+01
1.188714839569873050e+01,7.076925623372184759e+01
1.330617655426153334e+01,5.647983726930576154e+01
1.321938954120350829e+01,5.722386656994738274e+01
1.138022924873414254e+01,7.721434263681088339e+01
1.176362014659625643e+01,7.226333739571622061e+01
1.040773862856101140e+01,9.231818247068012795e+01
1.161524839567798217e+01,7.412129466820864820e+01
4.720276457130258052e+01,4.488126918626238471e+00
1.185439615292840543e+01,7.116085000216294532e+01
6.037686005296006897e+01,2.743209354745099304e+00
6.716871441497342232e+01,2.216490773017282034e+00
1.157199585891810933e+01,7.467641505638466981e+01
1.369904065080700306e+01,5.328680620646601795e+01
1.148572980073323890e+01,7.580237435471532592e+01
1.367673636041902618e+01,5.346075026776869521e+01
1.708507343309867110e+01,3.425833883307307559e+01
1.167591814823027541e+01,7.335300608896034191e+01
1.063759806397691676e+01,8.837162613976920511e+01
1.421558941752596716e+01,4.948462199487695301e+01
1.498886936035302320e+01,4.451047728017729810e+01
1.637040513291126231e+01,3.731480231473405240e+01
2.663443545807885826e+01,1.409655558332141112e+01
1.562140350665335831e+01,4.097886249531590863e+01
5.823196031042996168e+01,2.949016342414909619e+00
1.768042813149160608e+01,3.199001513184739309e+01
1.994910197615648428e+01,2.512773245223473495e+01
1.351958690514256389e+01,5.471081148175949238e+01
1.137781736832783608e+01,7.724708204417765955e+01
2.021989459545330803e+01,2.445919871161802561e+01
1.050888754002184911e+01,9.054959475320963236e+01
1.127204024458343845e+01,7.870366173994435144e+01
1.139505019120161933e+01,7.701361599020764004e+01
1.107085475062381619e+01,8.159014299195750652e+01
8.251809134065855744e+01,1.468593669444171690e+00
2.912430109806274103e+01,1.178932595545939321e+01
2.482157506202857888e+01,1.623085235943394622e+01
1.004779119760898709e+01,9.905098464086110255e+01
1.140580123626314979e+01,7.686849919998476821e+01
1.946347758740657952e+01,2.639727649108927210e+01
1.078597392741072092e+01,8.595700356415375154e+01
1.355640380528465805e+01,5.441404439122126746e+01
8.351353171638622541e+01,1.433792485643166081e+00
1.510445138552862154e+01,4.383187900181495422e+01
2.976649322100874429e+01,1.128611971934170199e+01
1.265062898125078661e+01,6.248499828088413466e+01
1.163739864824088954e+01,7.383940299003974417e+01
1.387735326045305051e+01,5.192622040748378254e+01
1.228573950962463002e+01,6.625175607887973683e+01
1.183804154968692046e+01,7.135760744390364607e+01
2.735290612400927657e+01,1.336574127420007940e+01
2.688800006932569886e+01,1.383193689292973971e+01
1.853553623813483497e+01,2.910648022081294428e+01
1.484908588571737198e+01,4.535242999708624012e+01
1.001316997144963672e+01,9.973712000323017435e+01
1.363888518949344508e+01,5.375789477607846578e+01
1.064653612354333134e+01,8.822330760872520727e+01
1.210732942979578652e+01,6.821867521808043477e+01
1.722408669743627385e+01,3.370758158239832625e+01
1.207657311603263395e+01,6.856659291353746255e+01
1.550818799593784725e+01,4.157936819874166190e+01
1.144165431302039693e+01,7.638751032745575742e+01
1.894844028027102567e+01,2.785178701192635131e+01
1.258430901636022980e+01,6.314533210492894000e+01
1.435462770815988875e+01,4.853065279972469170e+01
1.182763049116476317e+01,7.148328522753782011e+01
1.577889321912074649e+01,4.016492179259958561e+01
1.099202265678882817e+01,8.276462854274424785e+01
1.052845601278106891e+01,9.021331171047710029e+01
1.266575374555521094e+01,6.233585491144192048e+01
3.669395855334731493e+01,7.426956287924044275e+00
4.981609266124478808e+01,4.029588319214457037e+00
1.000925193518135004e+01,9.981521777487276381e+01
1.996485430019559359e+01,2.508809639715428830e+01
1.301720996831928723e+01,5.901524029512916059e+01
2.535604061738291293e+01,1.555382192472292857e+01
1.100286506135344489e+01,8.260159365303235290e+01
7.450120269979075260e+01,1.801662472031220208e+00
2.086433932239689071e+01,2.297157251067616457e+01
1.196606207180919057e+01,6.983891719782880614e+01
1.513194855057510679e+01,4.367272470133445239e+01
1.000906600867004492e+01,9.981892610641291697e+01
1.923822914947442442e+01,2.701903371553125766e+01
1.037312328816305751e+01,9.293534610754632297e+01
1.707899297216501466e+01,3.428273647430302873e+01
2.625923551229611519e+01,1.450226522408619800e+01
4.202416294114802042e+01,5.662417097120468590e+00
1.098167260077761753e+01,8.292071081675862843e+01
8.775517860045790997e+01,1.298537485465811825e+00
1.042281576995735115e+01,9.205128960837352281e+01
1.592513116610655821e+01,3.943065250319671122e+01
1.165317980068871329e+01,7.363954649259747498e+01
1.150620021624911082e+01,7.553289776492538010e+01
1.362161702859961743e+01,5.389427922713986163e+01
1.527522343740072763e+01,4.285730490749746480e+01
1.082756103213631782e+01,8.529797463997627460e+01
1.286157986184374380e+01,6.045209588021401004e+01
1.384330605615399357e+01,5.218195653424142222e+01
1.417457704048276312e+01,4.977139146901712508e+01
2.100824772730098289e+01,2.265793570691024073e+01
1.337568765519788982e+01,5.589433101840932494e+01
1.457261504304544175e+01,4.708960147180901146e+01
6.244461529138190770e+01,2.564543153347080828e+00
1.074225010564988025e+01,8.665816346029990314e+01
1.778068323082986879e+01,3.163028537037585863e+01
1.767494249236796122e+01,3.200987521464369934e+01
1.279510420038606888e+01,6.108187303444989169e+01
2.254153405053487447e+01,1.968036112542409910e+01
1.131176441234408436e+01,7.815185607917217681e+01
1.031174754937340765e+01,9.404494476498426536e+01
1.001626493851295052e+01,9.967549315676369304e+01
1.933342961161266516e+01,2.675359798534953626e+01
1.313999250410036446e+01,5.791749436054429623e+01
8.972647708435160041e+01,1.242106307290364642e+00
2.837988315859442423e+01,1.241591680258863306e+01
1.104993685523458780e+01,8.189934104664381209e+01
1.178181865219836766e+01,7.204027012027361820e+01
7.965452595874603503e+01,1.576083002046709591e+00
1.066755647473600987e+01,8.787596324951238103e+01
5.981047528178972073e+01,2.795409861639019500e+00
1.019861777739588504e+01,9.614293340450797132e+01
1.155914860672878319e+01,7.484250339349166836e+01
2.045814198006593543e+01,2.389283166951442894e+01
1.052553344592118734e+01,9.026341673179825875e+01
3.379227763757759107e+01,8.757196011768462185e+00
1.137475455627538068e+01,7.728868736335374479e+01
1.007263522791157051e+01,9.856297116469266939e+01
1.478859935810211468e+01,4.572417865517461166e+01
1.790569842286632252e+01,3.119015038901233794e+01
1.625787703208242618e+01,3.783313509464080227e+01
1.225125313251371750e+01,6.662526869311092526e+01
4.193921710398559810e+01,5.685378225805338026e+00
2.737328103377194921e+01,1.334585148304624092e+01
1.655131348193539864e+01,3.650354742871515867e+01
1.143353584494713360e+01,7.649602789247364854e+01
1.143894379656296145e+01,7.642371544189657584e+01
1.022014305837263670e+01,9.573837462519023234e+01
6.411243368447323121e+01,2.432850792259168227e+00
1.089136466579977558e+01,8.430151922218176708e+01
1.626679182062412821e+01,3.779167861278628493e+01
8.044964312110418803e+01,1.545082793880528049e+00
1.159392511385528302e+01,7.439418976766286562e+01
1.239439145521189545e+01,6.509529254030360335e+01
1.297784843518754094e+01,5.937376706425645523e+01
1.275348542829989640e+01,6.148118356052455624e+01
1.583229685746718296e+01,3.989441961270654957e+01
1.313576924844174698e+01,5.795474222957452071e+01
1.121555117913013078e+01,7.949846753976798652e+01
1.453468960710999092e+01,4.733566433007058549e+01
1.920800040267053532e+01,2.710414348194282042e+01
7.414140216497010272e+01,1.819191464487201593e+00
1.689321034753485051e+01,3.504092971699954262e+01
1.181217756023789001e+01,7.167043934212611589e+01
1.423882785699337283e+01,4.932323132118629871e+01
1.051382416933834740e+01,9.046458194853563839e+01
1.087816403652131214e+01,8.450624279675648154e+01
6.090378301215437062e+01,2.695947688673125509e+00
1.608312933421565916e+01,3.865973664468721438e+01
1.057269980589325975e+01,8.945985653449845643e+01
2.035397724815956266e+01,2.413800820344378195e+01
3.260691295944079826e+01,9.405472796505083721e+00
1.275910756367708743e+01,6.142701372441552365e+01
1.061252224961898882e+01,8.878973758729478050e+01
1.215111329201934431e+01,6.772793898213065233e+01
1.034527328026964632e+01,9.343639308884891648e+01
1.088435986365102970e+01,8.441006129322289553e+01
6.375085060402099657e+01,2.460526418867173604e+00
1.347130721069394532e+01,5.510366935408234212e+01
1.354617986005077590e+01,5.449621311457568140e+01
2.558332835886643863e+01,1.527868263846053587e+01
1.311583551087971955e+01,5.813103790085104805e+01
7.631294701570467964e+01,1.717131477361637737e+00
1.006333754828963478e+01,9.874518313276698223e+01
1.619652422615623166e+01,3.812030353687107720e+01
1.821105102064949577e+01,3.015296181932377806e+01
1.282879615046303279e+01,6.076145871056292691e+01
1.302014128836917095e+01,5.898867021731629023e+01
1.510360486122208812e+01,4.383679250308004072e+01
1.252151046123673872e+01,6.378030014088054145e+01
5.358679153035978260e+01,3.482446799060813003e+00
1.518284499487292649e+01,4.338041311531329569e+01
2.536634341553043726e+01,1.554118980491484869e+01
2.837966771888367035e+01,1.241610531019937724e+01
1.077928217848861969e+01,8.606376043693025224e+01
1.811426336943831217e+01,3.047604768181266977e+01
1.160785231845855492e+01,7.421577923814969324e+01
1.570161432033563997e+01,4.056125545907342200e+01
1.613101406218956768e+01,3.843055535248738153e+01
1.427813588175622428e+01,4.905202924885070814e+01
1.109771801580647299e+01,8.119562496164803633e+01
1.512305306391791859e+01,4.372411702199137551e+01
1.064815014296017104e+01,8.819656430820498372e+01
1.674287471439016883e+01,3.567302556648967737e+01
1.513471671197888568e+01,4.365675055428550166e+01
1.381318727250635270e+01,5.240976355338514736e+01
1.292002951441852687e+01,5.990636778964967135e+01
1.115632538050835443e+01,8.034477808546900235e+01
3.857876109502927875e+01,6.718981518468338798e+00
2.892651950380156833e+01,1.195109329711073975e+01
1.226094160877751804e+01,6.652001702124955784e+01
1.272607313955969843e+01,6.174633292280564234e+01
1.062403348849102613e+01,8.859743281654216673e+01
1.198869429945015952e+01,6.957548261576620519e+01
1.427869725563964742e+01,4.904817231619778539e+01
1.280368978632375132e+01,6.099998291506939552e+01
7.644479217238720992e+01,1.711213474868672035e+00
2.681759797430155956e+01,1.390465597482271143e+01
1.184390685158029299e+01,7.128694996866771305e+01
1.431223081725024393e+01,4.881860180511245062e+01
2.512538327021593787e+01,1.584070876069282363e+01
6.081390723228398798e+01,2.703922162202206714e+00
2.733313391275480697e+01,1.338508525756105527e+01
3.006740547393120977e+01,1.106134890540783466e+01
1.748162354708061983e+01,3.272174624354894235e+01
1.167547693622734784e+01,7.335855016025270459e+01
1.218724077101744641e+01,6.732699293188463230e+01
1.798627591232851586e+01,3.091131618492795852e+01
6.586015223096313775e+01,2.305443798485345752e+00
5.551504600499769282e+01,3.244730207049249859e+00
1.323555557030121399e+01,5.708416442674750613e+01
1.381233247787702467e+01,5.241625065043738374e+01
1.291275532913107327e+01,5.997388130631982506e+01
2.028493964234932889e+01,2.430259001465724467e+01
1.172192786348614923e+01,7.277830072376191595e+01
1.710448375695703405e+01,3.418062960119923588e+01
2.141616748435231798e+01,2.180301185094459626e+01
1.715608930133613086e+01,3.397530809175835742e+01
2.626620868865304459e+01,1.449456609776326488e+01
1.042088930240042011e+01,9.208532705169534438e+01
1.858462576336354388e+01,2.895291928687540306e+01
1.046879067689788023e+01,9.124455713351912323e+01
1.369805266699258262e+01,5.329449319700709964e+01
1.029190682053894967e+01,9.440789379660682812e+01
4.462935202564151638e+01,5.020637172885452415e+00
1.312226084519694602e+01,5.807412394190235716e+01
1.242242344851348967e+01,6.480184062594238981e+01
1.059142889605405813e+01,8.914374804350705972e+01
1.128556935766477132e+01,7.851507532988462401e+01
1.376156605359888729e+01,5.280369112020200362e+01
1.569966935895075189e+01,4.057130598440040359e+01
1.152598042674122780e+01,7.527386997631155907e+01
1.871813963311792861e+01,2.854135810395633399e+01
1.019776379886696560e+01,9.615903643262674905e+01
1.198597659524888748e+01,6.960703732748628170e+01
1.024846751396192168e+01,9.520990731610278601e+01
9.696139674367923078e+01,1.063658644729516656e+00
2.034713222132841182e+01,2.415425158397767902e+01
1.247933476300846323e+01,6.421213794743816550e+01
7.091769178478945435e+01,1.988340764212699341e+00
2.225048083562758450e+01,2.019859674729968191e+01
1.719395754428025214e+01,3.382581738610417688e+01
1.614420577337935470e+01,3.836777646211442061e+01
1.570270541388205388e+01,4.055561890341710551e+01
1.827575329182150554e+01,2.993983664225515184e+01
1.515810936831368672e+01,4.352210851933887170e+01
4.886452973061491889e+01,4.188056702457397584e+00
1.269282709308919266e+01,6.207021819974126942e+01
1.211182435365447674e+01,6.816805016897131964e+01
4.582897063559440198e+01,4.761236942834560004e+00
1.278068751122204816e+01,6.121975216440157652e+01
1.112461775550301724e+01,8.080343161953196329e+01
1.122852542495560257e+01,7.931485718562832687e+01
1.866597018824618814e+01,2.870112130669874873e+01
1.550094457514241775e+01,4.161823644023846214e+01
1.361881034683643854e+01,5.391649551089700054e+01
1.931877048241690176e+01,2.679421477769917459e+01
1.145219941691641807e+01,7.624690093923999257e+01
1.095396152392135924e+01,8.334078325793646513e+01
1.831559580055193592e+01,2.980972012707450247e+01
1.169938113512584721e+01,7.305908373595090666e+01
6.817847596344009276e+01,2.151322018122664659e+00
6.192958665994957812e+01,2.607375841234931269e+00
1.561911930315857866e+01,4.099084920258488296e+01
1.623924255349578516e+01,3.792001171299374107e+01
1.085970478524903982e+01,8.479377321734079942e+01
2.033869235740433723e+01,2.417430212509972165e+01
4.516241676143894779e+01,4.902816643698652221e+00
1.146950736944924465e+01,7.601695522734593169e+01
1.112332842486518381e+01,8.082216492921358508e+01
1.530635608536906034e+01,4.268314138272033631e+01
1.309806248811482909e+01,5.828890326781095155e+01
1.093998136746466976e+01,8.355392103197856102e+01
1.533164187626328001e+01,4.254246669245626578e+01
1.135017316449479274e+01,7.762382247906458588e+01
2.061768242317529243e+01,2.352449495136875868e+01
1.202779290035203452e+01,6.912388145832188968e+01
1.013701933712638592e+01,9.731492451542492006e+01
1.077093522180651597e+01,8.619720267137878977e+01
1.851788302956698828e+01,2.916200143566779346e+01
1.082521631536528517e+01,8.533492932902275641e+01
2.668340173774069513e+01,1.404486633087698344e+01
1.066001556800793360e+01,8.800033433003336825e+01
6.637770886013224469e+01,2.269632199272447526e+00
1.321045112603638749e+01,5.730133004392260432e+01
2.829999901689654607e+01,1.248611007101199277e+01
1.725473842778589884e+01,3.358793004332287779e+01
1.052578156922169406e+01,9.025916123917711786e+01
1.901007427782964854e+01,2.767147901724087333e+01
3.989939955635272639e+01,6.281556636612416256e+00
1.636007017431090915e+01,3.736196210599909051e+01
1.223919385481288558e+01,6.675662512843338448e+01
1.935057642810519951e+01,2.670620551729206227e+01
1.581380850814048245e+01,3.998775742302264291e+01
3.084275445642717628e+01,1.051220174822717190e+01
1.969494985761366124e+01,2.578043500290836931e+01
1.649645816304941448e+01,3.674671999419459922e+01
1.081618176393302377e+01,8.547754616186242060e+01
1.612355676074536959e+01,3.846611258283115120e+01
1.466410862591876807e+01,4.650382352873290870e+01
1.069127222350551421e+01,8.748653666409769869e+01
1.157603384768547450e+01,7.462432641589818161e+01
8.611680662697673938e+01,1.348416834864964553e+00
1.697071050765404365e+01,3.472161759171621753e+01
6.154146196928491719e+01,2.640367520920117173e+00
1.039326678286952976e+01,9.257545377319354429e+01
2.489004145110347821e+01,1.614168099807526957e+01
1.272570467437439845e+01,6.174990863102149063e+01
1.341126599179139056e+01,5.559816367080570387e+01
1.879033435599885493e+01,2.832246077221144631e+01
1.004768910988786601e+01,9.905299743018134961e+01
1.276151684701415512e+01,6.140382194993003395e+01
1.747289943316902594e+01,3.275442994427047694e+01
1.021751991618188882e+01,9.578753872935334357e+01
5.676305274575432236e+01,3.103619786904847189e+00
1.146568028787667792e+01,7.606771046109558654e+01
1.231468257469855487e+01,6.594070047478315644e+01
1.392433300353163261e+01,5.157642050347978824e+01
2.945113207631606400e+01,1.152911611795125424e+01
2.014807827660474615e+01,2.463387543957522041e+01
1.192527538140599752e+01,7.031745868273677047e+01
1.279949682693896484e+01,6.103995516521919740e+01
1.802852563632292870e+01,3.076660504117241501e+01
6.714423553155626223e+01,2.218107206926156039e+00
1.060563915062700246e+01,8.890502472151418090e+01
1.446329190749965754e+01,4.780416062597105764e+01
1.331030888156679914e+01,5.644477317783776016e+01
1.169066675054370208e+01,7.316804283228174199e+01
4.731012146777830196e+01,4.467780968447049084e+00
1.330359938215299742e+01,5.650172192711757901e+01
4.976997520319436319e+01,4.037059509131466051e+00
1.258898747241140725e+01,6.309840731965123695e+01
5.669366812611119144e+01,3.111221173788135896e+00
6.840028897336945590e+01,2.137391741347376861e+00
1.096197734220346121e+01,8.321894386649660191e+01
4.773190849544634062e+01,4.389169990823129197e+00
1.085132779176063345e+01,8.492474171713629971e+01
3.240424140735327541e+01,9.523493333073593803e+00
1.428968932929653235e+01,4.897274257824445698e+01
2.115820640569408440e+01,2.233789786943681932e+01
1.270055097663174593e+01,6.199474472519567314e+01
1.535081569342126606e+01,4.243625838779122006e+01
2.322232815935604577e+01,1.854336232675566620e+01
1.860847984330845151e+01,2.887873777495558869e+01
8.306996373959700009e+01,1.449145385382344386e+00
1.576808694838393521e+01,4.021999274031372096e+01
1.316046564115641004e+01,5.773743530769959875e+01
1.056023635401750660e+01,8.967114661210389670e+01
1.234021622826948494e+01,6.566810150941418556e+01
1.141512185007171709e+01,7.674302194204354066e+01
8.697584959606291477e+01,1.321912290864491357e+00
1.346585351763675753e+01,5.514831254789609716e+01
1.186692327377940792e+01,7.101068975758192892e+01
1.833113187472177685e+01,2.975921263295672503e+01
2.574013475605379497e+01,1.509309715296490850e+01
1.153980100134043241e+01,7.509367533277649898e+01
1.289132230216508823e+01,6.017347144176616069e+01
1.787845921744112232e+01,3.128526396842007173e+01
3.153769278180966396e+01,1.005402969200076946e+01
1.847373216825869235e+01,2.930155807935130952e+01
1.986612759575525189e+01,2.533807159540538123e+01
1.087261566348244557e+01,8.459251307578823287e+01
4.805809004540966356e+01,4.329791528565762881e+00
1.484433178603598158e+01,4.538148411715371111e+01
7.169157227641879615e+01,1.945645840310865626e+00
1.583543752517315362e+01,3.987859653359851819e+01
4.159361970652498286e+01,5.780249257248266659e+00
1.183212056567201742e+01,7.142904230892116857e+01
6.250556079770615980e+01,2.559544520240752075e+00
1.195325739600687776e+01,6.998862428512568101e+01
1.734514065624649248e+01,3.323872435839795969e+01
1.006638796173751338e+01,9.868534677490680451e+01
1.854367996741328284e+01,2.908092075830944268e+01
1.552640305239821927e+01,4.148186637866308502e+01
1.074919956324478676e+01,8.654614906221911497e+01
1.226695997427265006e+01,6.645476147806732570e+01
1.998279325911408932e+01,2.504307242945097300e+01
2.075183611765925562e+01,2.322132206802313448e+01
1.292432625452226169e+01,5.986654222338906095e+01
1.558359607825355297e+01,4.117794167962145480e+01
3.391692384584894882e+01,8.692948113988231640e+00
2.071678581186086987e+01,2.329996389687763525e+01
1.145351184167770064e+01,7.622942811712616162e+01
5.945479117798954150e+01,2.828956593373261885e+00
3.742142664424621046e+01,7.141004704565530048e+00
5.591498063591204470e+01,3.198480021380022187e+00
1.694236912859393485e+01,3.483788015100359559e+01
1.418041098641670317e+01,4.973044711583961686e+01
1.110535628434258371e+01,8.108397060555121527e+01
1.355828155417911596e+01,5.439897333138468127e+01
1.316257633828069373e+01,5.771891971249255704e+01
1.621059334859806711e+01,3.805416327024669698e+01
1.423229137297335889e+01,4.936854722142456353e+01
3.934728625573421823e+01,6.459076529963814650e+00
2.692471656526305424e+01,1.379423815051441338e+01
1.232919719202030961e+01,6.578553373677962668e+01
1.520646907989640617e+01,4.324573010595291578e+01
1.352997507177504311e+01,5.462683101044087408e+01
1.242866499901526645e+01,6.473677130400939461e+01
1.062208804739068313e+01,8.862988912276550479e+01
2.291085376534576312e+01,1.905098580107697614e+01
3.387466288008060644e+01,8.714651742159956527e+00
3.651964415828587107e+01,7.498025716698775156e+00
6.965546975463638546e+01,2.061054847565438219e+00
1.357526473361183683e+01,5.426294804624755130e+01
4.804403762788140142e+01,4.332324743487798280e+00
9.391532217815473871e+01,1.133775569470309330e+00
5.411148829560983131e+01,3.415238533780942554e+00
1.097721768089494354e+01,8.298802843630191717e+01
2.615120426993514613e+01,1.462233111058676904e+01
1.222739011673858478e+01,6.688557465048663175e+01
1.118530736688774319e+01,7.992895857140648275e+01
3.851982450284770465e+01,6.739557770854620600e+00
2.547409300963807866e+01,1.540999648657090049e+01
4.659899974453836791e+01,4.605182130823900266e+00
1.467088555971527519e+01,4.646087035558714007e+01
1.092183859264620338e+01,8.383174221156150452e+01
2.062349428354720615e+01,2.351123804993700617e+01
1.594030610733114095e+01,3.935561341471908037e+01
1.445867458275568929e+01,4.783469766817253088e+01
1.063099666095219753e+01,8.848141036131430326e+01
1.436943443541175292e+01,4.843068923907811296e+01
1.157645642010147036e+01,7.461887853008246907e+01
8.332835866617584486e+01,1.440171939892996855e+00
5.300786839310785581e+01,3.558928962668611362e+00
1.179904711338388701e+01,7.183004350556007012e+01
2.742066137633223377e+01,1.329977055874771530e+01
1.155313783714986897e+01,7.492040051095253261e+01
1.151449521063409343e+01,7.542410979442496455e+01
1.111776214248519246e+01,8.090311496327366569e+01
1.308489280224635820e+01,5.840629557171386921e+01
1.320782931012331929e+01,5.732408146604525712e+01
3.000243720444830586e+01,1.110930599445763178e+01
1.279348346039752293e+01,6.109735030540106493e+01
2.767007747807889828e+01,1.306108481371663999e+01
2.849890258412334987e+01,1.231242863759667117e+01
1.381406249684313003e+01,5.240312266154850107e+01
8.330118735611910097e+01,1.441111608138300637e+00
1.125253388172912494e+01,7.897676517786264583e+01
1.320721840230993394e+01,5.732938470827617294e+01
2.479832570801844938e+01,1.626130068323440625e+01
1.698675647002886890e+01,3.465605138101194882e+01
1.760377482575616170e+01,3.226921424624351431e+01
1.580736537868997260e+01,4.002036232586883813e+01
1.262086175678480515e+01,6.278009674313990018e+01
5.108746819383112836e+01,3.831521256959985244e+00
1.558099697361361180e+01,4.119168081404032478e+01
1.292884078026920136e+01,5.982474081764492979e+01
1.198225709546690787e+01,6.965025849060113217e+01
4.261170944436739916e+01,5.507342499309269002e+00
1.493046215611402694e+01,4.485940385999715119e+01
2.263642350088591471e+01,1.951571103774388760e+01
2.503320407169524486e+01,1.595758331132991081e+01
3.070246664468758624e+01,1.060848736750234345e+01
1.408505855281529939e+01,5.040605239793384129e+01
5.010330005081292626e+01,3.983523071460814524e+00
2.604016891351733776e+01,1.474729629498576600e+01
3.610115440946145782e+01,7.672869659263013453e+00
1.492200324531245315e+01,4.491027762584489835e+01
2.771805273103413114e+01,1.301591089208448793e+01
3.960364553957586509e+01,6.375726375249370470e+00
1.505055401825355688e+01,4.414637279398487379e+01
1.156552404363647746e+01,7.476001302948857585e+01
7.447597466778287867e+01,1.802883271006986865e+00
5.140008861007084562e+01,3.785055610782287250e+00
1.151103196269065698e+01,7.546950132640907327e+01
1.484997134987460399e+01,4.534702166962163261e+01
1.622484694556045071e+01,3.798733115113483194e+01
5.659642243992295363e+01,3.121921947886427517e+00
1.193220806550712254e+01,7.023577269331458695e+01
1.029242895160035332e+01,9.439831548545996043e+01
4.852411375067155319e+01,4.247024591916574998e+00
2.696652093827992402e+01,1.375150275276997291e+01
1.458250198645927398e+01,4.702576957293915427e+01
1.261497782791049360e+01,6.283867469326108335e+01
1.168185313112835111e+01,7.327849081437810241e+01
6.786290645864822579e+01,2.171376275076995821e+00
3.774330032972088134e+01,7.019727513234986560e+00
1.483770808289268750e+01,4.542201066900403106e+01
1.773381113019228295e+01,3.179770986851215397e+01
1.143530200455501422e+01,7.647240039907009646e+01
2.531559774963259102e+01,1.560355755655606735e+01
1.350069971746443542e+01,5.486399704868004790e+01
2.790801193635201827e+01,1.283932522634045270e+01
4.721445935461220955e+01,4.485903821209425324e+00
1.477210971467329514e+01,4.582631656725821045e+01
4.577255332484229911e+01,4.772981174130861426e+00
1.279325184793348669e+01,6.109956257107275945e+01
2.400481211139779347e+01,1.735415123769009682e+01
1.868932684103642217e+01,2.862942870437056797e+01
2.706932664095535657e+01,1.364724834428177580e+01
1.062873179472067520e+01,8.851912321618421231e+01
1.584391136563082192e+01,3.983595119302741239e+01
1.630894632248677212e+01,3.759656723177840831e+01
2.015699716779365502e+01,2.461208070042852469e+01
1.244006439671859177e+01,6.461818315762597820e+01
1.813232584985602358e+01,3.041536061466890573e+01
5.274363562017869356e+01,3.594677018675751512e+00
1.064292623893277501e+01,8.828316520124610634e+01
1.323580208300650263e+01,5.708203809686273900e+01
2.008068875654225494e+01,2.479949232651586044e+01
4.204488416689549268e+01,5.656837188291708785e+00
1.111916438569200061e+01,8.088271078790994295e+01
2.575406549980759863e+01,1.507677342317655267e+01
1.396373014012243274e+01,5.128579661114562072e+01
1.418362045307781472e+01,4.970794367188015883e+01
3.108275816499117639e+01,1.035048978441747280e+01
1.234217022748811843e+01,6.564731014787993502e+01
1.452052381162146411e+01,4.742806794195642084e+01
1.116462860291763448e+01,8.022531643310735205e+01
1.084882683548299731e+01,8.496390125952724759e+01
1.553134962840319311e+01,4.145544748606066321e+01
1.591034060341581835e+01,3.950399758487493074e+01
2.453820216807831756e+01,1.660789228690089558e+01
1.417326778701756318e+01,4.978058714321957012e+01
3.971180461555881180e+01,6.341043812077626463e+00
1.277663285437127172e+01,6.125861443388807004e+01
5.259944783826622938e+01,3.614411785168637259e+00
1.747969850798801872e+01,3.272895393185634560e+01
4.228581081672022890e+01,5.592560295338455667e+00
1.291694539033621680e+01,5.993497838186335969e+01
2.654777755011636486e+01,1.418873443079819374e+01
8.638497266747415892e+01,1.340058011955742145e+00
1.165518625229212191e+01,7.361419443645301897e+01
3.585701819365970522e+01,7.777708403917340974e+00
4.173699773126788415e+01,5.740603990175708660e+00
1.184493248753840788e+01,7.127460523071833620e+01
4.311020182080866903e+01,5.380713743313192410e+00
3.216923555715757743e+01,9.663145489366876006e+00
1.076807980269838438e+01,8.624292331566437042e+01
1.010715147148387771e+01,9.789092929012909394e+01
5.814409655105276897e+01,2.957935818490481594e+00
3.230987177917058517e+01,9.579206399321183341e+00
1.375536621374986801e+01,5.285130136927096345e+01
1.203429634628413858e+01,6.904919126555608955e+01
1.187580396462695198e+01,7.090452630201843931e+01
4.405947538593486001e+01,5.151353537659690396e+00
4.010201305841310671e+01,6.218242458965035802e+00
1.241923240610146451e+01,6.483514574193483782e+01
1.126245539516752814e+01,7.883767936183367908e+01
7.120342566584585597e+01,1.972414665871407680e+00
1.173491846632095559e+01,7.261725815618885349e+01
4.611839751651442754e+01,4.701663932684509994e+00
1.075952925799477811e+01,8.638005143104616934e+01
1.471596448375220945e+01,4.617666225144211722e+01
1.275349555580142002e+01,6.148108591662289513e+01
1.061766798284240743e+01,8.870369654881923793e+01
6.362873075792855104e+01,2.469980244276377412e+00
2.613358701950381047e+01,1.464205225316723791e+01
1.160597326897727122e+01,7.423981279524915067e+01
1.499812403414620476e+01,4.445556336496164107e+01
1.449258004180958537e+01,4.761114048139297239e+01
1.110894400531704562e+01,8.103160564870276517e+01
2.418638611152624662e+01,1.709456432065655562e+01
1.702963059073064400e+01,3.448176958166833828e+01
4.655096298516713205e+01,4.614691371925531804e+00
1.975599533855279688e+01,2.562135948586140799e+01
1.264570647779809676e+01,6.253365392310691107e+01
1.554466419530534083e+01,4.138446172082798569e+01
1.660369665597101019e+01,3.627357992782096119e+01
1.013597375090238550e+01,9.733500278221660551e+01
1.707125683678639305e+01,3.431381514491710760e+01
1.006624316946285624e+01,9.868818576426151878e+01
3.798088994979105593e+01,6.932178333370185186e+00
1.152481850668111285e+01,7.528904880596545013e+01
1.037729532909663988e+01,9.286063451551366654e+01
4.104004318002026963e+01,5.937236954401415190e+00
1.347652570379747239e+01,5.506100220833702252e+01
1.236404881226318508e+01,6.541518562317719443e+01
1.114428658022718821e+01,8.051845940217221198e+01
3.582041884296408085e+01,7.793610200224820872e+00
1.320473453264101238e+01,5.735095456450935103e+01
8.206570177097263752e+01,1.484829627732917379e+00
1.574642863770268342e+01,4.033070942287153571e+01
1.162427964841449857e+01,7.400616527974294456e+01
1.114377093310739930e+01,8.052591111174534433e+01
2.525045354219034621e+01,1.568417334510727201e+01
4.012011580486836948e+01,6.212632212412801280e+00
1.295407876698595651e+01,5.959185892138422247e+01
5.577493632254421385e+01,3.214562201529720831e+00
2.486860148576759144e+01,1.616952544786971302e+01
1.014107805892393976e+01,9.723704420257929826e+01
1.251851112644314767e+01,6.381086629818396005e+01
2.718500020603717360e+01,1.353135595577870021e+01
1.816038964157859326e+01,3.032142972018540661e+01
1.169803509689075760e+01,7.307589783799370764e+01
4.056465482950402190e+01,6.077212609659647491e+00
1.622982827589945387e+01,3.796401625184146411e+01
4.329020509312987741e+01,5.336060111261430094e+00
2.941507418091260462e+01,1.155739892689396342e+01
1.438719768682765121e+01,4.831117250640777172e+01
1.344153968348700445e+01,5.534800390399682612e+01
3.049958444398554391e+01,1.075009137470178011e+01
5.021076118062544680e+01,3.966490236358585886e+00
1.058447885103289643e+01,8.926085470096919039e+01
1.025089658806716386e+01,9.516479038079940267e+01
1.114588300729618631e+01,8.049539570367076635e+01
1.481830696801523928e+01,4.554102757645250676e+01
4.074317227131409425e+01,6.024074297039993198e+00
3.106163729509771798e+01,1.036457054070079664e+01
2.350610333016425102e+01,1.809833897569981787e+01
7.855808624881836977e+01,1.620384983634646670e+00
3.182182803619006961e+01,9.875287565210925322e+00
1.004132357626310323e+01,9.917862330740237553e+01
4.837303196747291167e+01,4.273595184697180471e+00
2.026109688528723751e+01,2.435982104106652457e+01
2.748528629060596273e+01,1.323730178360578691e+01
1.235884146676406736e+01,6.547032205920065451e+01
1.118723367702420468e+01,7.990143528695548980e+01
4.464278696295610871e+01,5.017615775670480005e+00
1.490253750394286847e+01,4.502767814209968833e+01
3.643224741226547536e+01,7.534042657399026233e+00
1.344589237629639378e+01,5.531217528692727115e+01
1.367205027068192535e+01,5.349740384954209560e+01
1.961779607905326728e+01,2.598361473778916420e+01
1.193730753696456759e+01,7.017577778824652057e+01
1.334803378180116695e+01,5.612616979411385643e+01
1.331488232376510084e+01,5.640600414231056448e+01
3.129198435525842825e+01,1.021254048308600026e+01
1.351581490074343250e+01,5.474135321675309740e+01
1.080339677288054645e+01,8.567997810542195225e+01
4.756690848149448669e+01,4.419673095082150560e+00
5.851494640870009789e+01,2.920561640539085069e+00
5.762431247113298127e+01,3.011538963510446365e+00
3.822810596268577399e+01,6.842809312091375773e+00
1.189468558483205740e+01,7.067959732383782523e+01
4.013070632612186728e+01,6.209353609176853084e+00
2.783680998706983445e+01,1.290509096249293819e+01
9.625939535890013588e+01,1.079229334155444642e+00
1.440563235289106636e+01,4.818760549224082013e+01
1.400297231110621965e+01,5.099875098537722806e+01
1.073820694842648216e+01,8.672343293080068349e+01
1.517745611785545456e+01,4.341122370843068978e+01
1.331684951543828532e+01,5.638934055745649943e+01
1.331078906160955633e+01,5.644070081749953260e+01
4.692146066113176772e+01,4.542102740843426467e+00
2.108682636091606355e+01,2.248938380890370681e+01
3.178577426199709066e+01,9.897702832446995558e+00
5.539214647458269525e+01,3.259144459958447815e+00
1.097275318042587244e+01,8.305557310057176323e+01
1.168223033804254207e+01,7.327375872018976111e+01
1.153845834830242190e+01,7.511115264463694530e+01
1.484130714560675557e+01,4.539998338507335518e+01
4.028321763134214706e+01,6.162425681085441198e+00
1.095382098029097762e+01,8.334292188908648313e+01
2.903083723838138042e+01,1.186535887349359797e+01
2.583823749248882606e+01,1.497870365245543489e+01
1.003907410369860642e+01,9.922307453566588720e+01
1.371142866880354916e+01,5.319056244833693370e+01
3.503356000750052601e+01,8.147632979476552961e+00
1.008768518642864365e+01,9.826909559844307296e+01
5.109212676906497563e+01,3.830822573330640690e+00
7.444392471081256701e+01,1.804435977150478321e+00
3.364494093170560518e+01,8.834062339917677420e+00
1.172009765533753800e+01,7.280103258882706996e+01
1.039303873014269897e+01,9.257951655345412689e+01
1.093327191981437352e+01,8.365650197496448470e+01
1.663968747312496888e+01,3.611683372667680914e+01
2.844178794570258972e+01,1.236192805637220005e+01
2.230748861888497103e+01,2.009549182864320116e+01
1.145655236804351240e+01,7.618897147325256469e+01
1.283961206784397646e+01,6.065913254845288805e+01
1.400138480965507171e+01,5.101031629581233062e+01
2.376970846808659843e+01,1.769914509652442902e+01
1.208161668078630591e+01,6.850935754880116235e+01
1.396751645649604434e+01,5.125799525758362307e+01
2.158910182442721748e+01,2.145511519509535958e+01
1.435680421031879384e+01,4.851593934922787099e+01
1.052001333518701998e+01,9.035816847125903450e+01
6.965663919872216070e+01,2.060985643303019810e+00
3.734599011375676270e+01,7.169882593727630926e+00
1.385234305258931187e+01,5.211389377655506649e+01
1.225700867526548166e+01,6.656271272037142239e+01
2.570145170030385984e+01,1.513856435048410098e+01
1.789798532095497663e+01,3.121703885064164652e+01
1.228058779256526378e+01,6.630735307435787718e+01
1.342766901051220430e+01,5.546241104086515605e+01
2.691458507252860244e+01,1.380462527166321252e+01
1.044111241269118118e+01,9.172895731274239495e+01
3.266105468302806969e+01,9.374316029328078059e+00
2.846538988453868768e+01,1.234143689056633519e+01
1.024176210140987031e+01,9.533461841419303084e+01
2.557178303345811088e+01,1.529248200342396302e+01
3.544007285564405407e+01,7.961791274416923692e+00
3.165069572609825954e+01,9.982365752142712267e+00
1.358448084054027305e+01,5.418934589708167948e+01
1.122894660271408362e+01,7.930890737956862324e+01
4.028890976180476002e+01,6.160684514434952241e+00
1.648854175607293726e+01,3.678201381558022831e+01
2.723282801148776855e+01,1.348386865424203762e+01
1.292329805815321642e+01,5.987606874049787820e+01
1.234368883712912002e+01,6.563115833022510515e+01
3.414138622769701215e+01,8.579020365569174800e+00
1.235390181473469084e+01,6.552268855348133059e+01
1.169552204104094884e+01,7.310730533600477088e+01
1.803575331906756674e+01,3.074195104422656044e+01
2.189955872183784180e+01,2.085111445953174680e+01
1.574436200577240719e+01,4.034129787378266485e+01
1.343817239745457570e+01,5.537574516303396877e+01
1.891201352746387698e+01,2.795918194694550962e+01
2.954406502075073604e+01,1.145669889506584305e+01
3.626869368115915648e+01,7.602145421097962874e+00
9.976622460064837128e+01,1.004691954522170194e+00
1.203922680057819328e+01,6.899264707450423373e+01
1.222064360229025581e+01,6.695944458192596471e+01
1.160062575782000494e+01,7.430827284855330106e+01
1.170427798173798628e+01,7.299796347078977021e+01
1.960151619348334151e+01,2.602679363623562736e+01
1.234716928985535311e+01,6.559416297624689207e+01
1.094040229007614862e+01,8.354749182450612466e+01
4.662148453227124634e+01,4.600741192303377858e+00
2.815701302185903998e+01,1.261324514710285882e+01
2.976248616065762675e+01,1.128915892829552980e+01
3.253711038022223789e+01,9.445871620027237014e+00
2.865554027034841766e+01,1.217819147024686721e+01
4.329393271934766574e+01,5.335141276680403166e+00
2.381495446743130628e+01,1.763195582061034017e+01
3.554522917625369161e+01,7.914752936572378772e+00
1.180401043958895180e+01,7.176965030521182598e+01
1.136688430629514635e+01,7.739575133197425316e+01
1.567980310324533910e+01,4.067417851835128317e+01
2.015205431812331582e+01,2.462415577054695248e+01
1.026272422080827340e+01,9.494556484910170013e+01
2.200826646699125533e+01,2.064563897416314830e+01
1.305165708956099202e+01,5.870413460035112507e+01
2.082404428664723639e+01,2.306055963451726853e+01
1.151595704781564322e+01,7.540496231592067033e+01
1.369761282942441660e+01,5.329791588049603490e+01
1.507285612087881965e+01,4.401582971130416411e+01
3.425455717882846329e+01,8.522426899421043700e+00
3.754259439722339664e+01,7.094984273287602505e+00
3.086814967821427658e+01,1.049491208987060098e+01
1.532008536784926811e+01,4.260667362009547077e+01
2.258584583538650747e+01,1.960321400739873710e+01
1.713721275235191754e+01,3.405019655712728621e+01
2.805201417056118274e+01,1.270784475891694321e+01
2.108815101535531866e+01,2.248655855158976991e+01
6.077228104723485558e+01,2.707627552536632454e+00
1.076831941378682700e+01,8.623908529228833686e+01
5.244560427027683147e+01,3.635647866835436393e+00
1.017916544072054208e+01,9.651074188479790905e+01
4.356117305609755164e+01,5.269881714562909103e+00
3.740024851398394645e+01,7.149094273603757266e+00
1.364665666187370441e+01,5.369668432034441707e+01
1.347741720006140120e+01,5.505371816369405025e+01
1.190311432191126251e+01,7.057953463412555095e+01
1.104869893197076536e+01,8.191769447991498510e+01
1.305384317485561674e+01,5.868447426002534684e+01
2.508351841356882872e+01,1.589362975934880673e+01
4.539118092226827628e+01,4.853522379915881757e+00
3.491400688600539581e+01,8.203527032570409716e+00
1.059303135601468071e+01,8.911677965694768488e+01
1.110481083917921197e+01,8.109193615244794273e+01
1.319876275841419222e+01,5.740286313164632048e+01
1.124930168632642413e+01,7.902215555262877444e+01
1.582039126082112368e+01,3.995448710131414316e+01
1.338935629253345461e+01,5.578026887000797274e+01
1.220529677219923848e+01,6.712793885047737774e+01
1.261254493371783170e+01,6.286291953716881409e+01
1.230134904604545909e+01,6.608372522984383579e+01
1.132538842944803115e+01,7.796394167639556372e+01
3.099694046429187111e+01,1.040788156739127857e+01
1.009815383892198959e+01,9.806545208412232739e+01
1.202549910056442073e+01,6.915025399640457238e+01
7.744710725150490305e+01,1.667207280404926717e+00
1.333980114485361490e+01,5.619546752290548142e+01
1.237463275670578255e+01,6.530333509437683404e+01
4.872096271239514920e+01,4.212775125975755763e+00
1.728623920838010974e+01,3.346562675207574955e+01
2.120682541232384821e+01,2.223559104675951659e+01
1.323169727316659738e+01,5.711746019750986392e+01
1.378804054673310020e+01,5.260110847670095779e+01
1.209415309994010634e+01,6.836740186486021287e+01
1.531365755033790066e+01,4.264244892708784107e+01
9.331048252196941917e+01,1.148521500146477692e+00
2.309748572505281672e+01,1.874435864560661003e+01
3.773997217169932838e+01,7.020965658958400191e+00
1.218042225385772070e+01,6.740239241135178361e+01
1.024509948886383981e+01,9.527251716523059599e+01
1.072203978912263089e+01,8.698516085486946281e+01
4.520404253815914331e+01,4.893791362988618943e+00
1.089445481610044020e+01,8.425370270927221839e+01
1.202697665850937625e+01,6.913326431830093100e+01
1.217925450109462560e+01,6.741531817841159580e+01
3.042550344304437360e+01,1.080250444675738208e+01
2.576011181133410233e+01,1.506969673256479680e+01
1.260552226708092505e+01,6.293298221141946414e+01
1.148317485380996850e+01,7.583610937852223799e+01
1.596565718835534575e+01,3.923073095889703410e+01
2.314328686699655435e+01,1.867024095207844425e+01
1.475956613039472742e+01,4.590424169327607018e+01
8.107898040958993136e+01,1.521189932924705168e+00
2.920936222220055356e+01,1.172076210559702325e+01
3.797080381095628354e+01,6.935861594840456057e+00
1.187669836203624207e+01,7.089384750310716754e+01
1.380201206314465878e+01,5.249466815835398137e+01
1.069835960813542641e+01,8.737065995509762217e+01
1.147888268023217151e+01,7.589283312240006296e+01
4.236379933098015016e+01,5.571988297038226179e+00
2.573499958820099920e+01,1.509912111420686642e+01
2.169067111086399890e+01,2.125465310831330257e+01
1.747714477754656315e+01,3.273851922794876401e+01
1.400907790956861199e+01,5.095430694081542811e+01
2.098441897709861692e+01,2.270942313068330165e+01
3.492916302410494467e+01,8.196409380559012803e+00
1.716521490989065413e+01,3.393919284956725591e+01
1.124600013534605125e+01,7.906856031312936750e+01
1.164531611274800227e+01,7.373903265924757022e+01
1.022444019206612964e+01,9.565791757604242207e+01
1.200655979524484529e+01,6.936858309839776382e+01
9.174345288872547144e+01,1.188091359026469229e+00
3.412725478790660105e+01,8.586126651194867065e+00
1.038066854565308716e+01,9.280029386700439886e+01
1.007802714763551677e+01,9.845753357165972375e+01
1.274667959914854798e+01,6.154685433137434103e+01
1.778219580936376332e+01,3.162490456629784674e+01
1.030637528053574670e+01,9.414301346341193266e+01
2.780036827417265144e+01,1.293894604292824191e+01
5.855749673749863859e+01,2.916318777889610914e+00
3.986589559003743233e+01,6.292119324075686748e+00
2.351297772991069834e+01,1.808775783783688951e+01
2.429225917959613312e+01,1.694588238777975775e+01
1.167728998497102388e+01,7.333577222081693492e+01
2.743788864897071278e+01,1.328307489760424609e+01
1.591758217319470070e+01,3.946806173995081934e+01
1.201210325670600554e+01,6.930457210420112801e+01
1.010170858577989961e+01,9.799644662436692499e+01
1.842296697592773214e+01,2.946326370082290680e+01
1.192682929495165567e+01,7.029913694260322643e+01
2.118699108487046345e+01,2.227724249482597685e+01
1.572197208223590081e+01,4.045628112507127128e+01
1.312219599758986988e+01,5.807469792773166972e+01
3.166239040418349759e+01,9.974993030555522111e+00
1.601972708339166473e+01,3.896635420053717525e+01
1.236746981541802626e+01,6.537900124452387729e+01
1.236519484559664761e+01,6.540306053981596790e+01
2.272991904068966562e+01,1.935549231607024012e+01
1.182995391744734803e+01,7.145520906849291976e+01
3.400031074037153189e+01,8.650360911809688247e+00
1.239548048407077019e+01,6.508385489766814658e+01
3.535502671521175699e+01,8.000141352684170926e+00
1.146866532084703572e+01,7.602811822128848007e+01
6.742663898322823002e+01,2.199565889702689958e+00
1.307605274483604596e+01,5.848529334623762566e+01
1.177005799813430009e+01,7.218430746955230859e+01
5.448581092624786493e+01,3.368473708849927917e+00
4.171281305640376047e+01,5.747262610312955822e+00
2.021025113922845762e+01,2.448254602028892890e+01
3.371313649993109607e+01,8.798359071337500836e+00
3.246819127871778221e+01,9.486015027337492356e+00
1.760416105231903927e+01,3.226779832066211640e+01
1.183439711526651905e+01,7.140156374535129657e+01
1.474194054535292864e+01,4.601407428825165624e+01
1.168739917626895242e+01,7.320896133472625422e+01
2.639994240377303214e+01,1.434808831733251644e+01
1.223627316153242539e+01,6.678849739760686077e+01
1.479307916992583927e+01,4.569648939610241456e+01
1.259975885833275022e+01,6.299056925887895630e+01
9.207897175550628788e+01,1.179448760246164962e+00
2.468657332159097351e+01,1.640885881676303271e+01
1.383632947372793964e+01,5.223459238727716780e+01
2.485884046323042540e+01,1.618222612788476056e+01
4.566777984642859423e+01,4.794907157790963659e+00
1.245373136533007674e+01,6.447643446072387974e+01
1.837188077375611783e+01,2.962734694875712194e+01
2.900687049435031284e+01,1.188497432977897361e+01
1.463861689452438419e+01,4.666592834657866717e+01
1.131838234143801536e+01,7.806049103769429109e+01
2.655187959721100910e+01,1.418435068382434672e+01
3.922411759616765892e+01,6.499704843341787885e+00
1.191118463426085938e+01,7.048392602016215847e+01
1.071664148626754454e+01,8.707281714379277560e+01
4.025956879155266677e+01,6.169667538106269333e+00
1.820438512734683556e+01,3.017504806109858961e+01
2.201343722734709374e+01,2.063594115980683696e+01
5.711604569063348436e+01,3.065375876420516565e+00
8.537919408312777136e+01,1.371816107324546730e+00
1.073035562163932966e+01,8.685038922913304305e+01
1.600348658867617146e+01,3.904548120432604463e+01
1.928639479220949227e+01,2.688424812173551004e+01
1.457341956420004081e+01,4.708440248132149009e+01
1.140884216358274905e+01,7.682752740570997219e+01
1.526631156287630553e+01,4.290735634300057200e+01
2.872407861403586793e+01,1.212014419363327633e+01
1.702195033809169900e+01,3.451289274223683634e+01
2.922135562613144089e+01,1.171114290870144181e+01
1.253755782574865307e+01,6.361713427962555301e+01
1.268659012362016547e+01,6.213126300568689686e+01
1.238009288607438130e+01,6.524574489190125348e+01
1.621648717260858064e+01,3.802650699905924370e+01
4.148679710449965086e+01,5.810054219146253196e+00
1.301620973713090557e+01,5.902431070090222676e+01
2.977901177407077782e+01,1.127663275633310569e+01
1.353423221146729283e+01,5.459247110402863257e+01
1.251803621411545286e+01,6.381570813461556924e+01
1.014558822847084940e+01,9.715061095358448995e+01
1.174667231417886626e+01,7.247200762827529275e+01
7.056935880046643206e+01,2.008018257257412564e+00
1.038108274780876883e+01,9.279288860574847320e+01
4.233016357151862508e+01,5.580846874654042722e+00
1.656300483783015665e+01,3.645203197677198403e+01
2.950310049526429523e+01,1.148853582379303084e+01
1.198152232372602199e+01,6.965880141353326849e+01
7.152180129527697261e+01,1.954893544645806003e+00
1.110168707482094952e+01,8.113757745657478893e+01
2.444078972887998091e+01,1.674054260945991501e+01
1.205364877519510536e+01,6.882764891212627845e+01
1.188218471185807168e+01,7.082839511995554460e+01
1.338174320758595570e+01,5.584375547509069548e+01
2.417066013394310886e+01,1.711681577649883579e+01
1.268222790807086930e+01,6.217401205193775127e+01
1.262356953029919282e+01,6.275316679265691988e+01
1.300460611874320804e+01,5.912968892252032305e+01
4.492947372218936408e+01,4.953787088830328145e+00
1.581397223228500337e+01,3.998692943023393553e+01
1.598485390480840884e+01,3.913656068853806858e+01
1.524688994376380080e+01,4.301673748062983549e+01
1.372391338304018049e+01,5.309383101317612841e+01
3.595452520024646503e+01,7.735580036864971198e+00
1.410188788851644404e+01,5.028581400166383730e+01
1.758139413159208431e+01,3.235142241311958600e+01
2.719124697780104682e+01,1.352513942713208905e+01
1.231417639518156371e+01,6.594612162790787124e+01
1.295180489004069102e+01,5.961278518612817123e+01
5.609983719027287918e+01,3.177435901301831400e+00
6.064631862888855096e+01,2.718886719205160230e+00
3.745842184487728588e+01,7.126906275919769662e+00
8.686649892295129405e+01,1.325242527128678738e+00
1.322249417995464604e+01,5.719699742195952297e+01
2.230421344403026751e+01,2.010139394951018232e+01
1.454310180951350340e+01,4.728091919669118681e+01
1.732305195714157975e+01,3.332354408574483529e+01
2.198749845859411067e+01,2.068465853779494523e+01
4.638941299756750425e+01,4.646888435184098221e+00
1.259425037205852327e+01,6.304568306998145033e+01
3.802556741264046991e+01,6.915898224189132470e+00
4.220183313221106403e+01,5.614839779860683500e+00
1.521942731798977633e+01,4.317212025316792534e+01
1.039093977704061622e+01,9.261692215752827906e+01
3.011410446350884840e+01,1.102706906827138233e+01
1.511049714356537876e+01,4.379681146973240402e+01
7.738671710842227469e+01,1.669810367209571211e+00
1.062531057843666105e+01,8.857613648076333845e+01
1.481339960805362033e+01,4.557120609581154724e+01
2.518124289820561756e+01,1.577050772553772440e+01
1.277933001178795358e+01,6.123275913626109457e+01
3.621231250224035136e+01,7.625836346218684447e+00
1.255108861310321977e+01,6.348004243806157376e+01
7.209404570597384065e+01,1.923982887304537481e+00
3.118643579534360200e+01,1.028178488299666249e+01
1.063233551265252430e+01,8.845912813969866306e+01
1.167374317147798912e+01,7.338034195594737241e+01
1.487945672704323918e+01,4.516747892449183865e+01
2.768101111384250146e+01,1.305076893758295675e+01
1.016222454245437845e+01,9.683278583207427914e+01
1.323941389887749409e+01,5.705089749043543179e+01
1.831218659544803629e+01,2.982082059391767714e+01
1.195199873453216277e+01,7.000336602422443377e+01
8.808787326931889083e+01,1.288747246423641579e+00
7.027976119702520919e+01,2.024600993930079529e+00
2.741022954407315027e+01,1.330989578418367536e+01
3.344925179431953666e+01,8.937729044904799025e+00
1.594083878216950367e+01,3.935298326519667000e+01
1.854994769961638923e+01,2.906127211744243155e+01
1.274282400366147172e+01,6.158410442187621925e+01
4.753309415007224459e+01,4.425963510260307210e+00
3.037891498395458711e+01,1.083566283575228084e+01
1.271014977292653114e+01,6.190114233117751041e+01
3.218589937994329375e+01,9.653142148598181649e+00
1.049802447095899538e+01,9.073708820579399514e+01
1.276494819103031375e+01,6.137081448055958077e+01
5.073473272691940394e+01,3.884984105586938519e+00
2.129816564717338423e+01,2.204527897803502512e+01
1.092653812142303771e+01,8.375964527528915937e+01
1.486077244103014472e+01,4.528112747473484490e+01
1.242534352428582345e+01,6.477138608769286066e+01
1.023117051248688725e+01,9.553210661851412056e+01
1.370325908113090030e+01,5.325400348727162481e+01
3.619957908096637311e+01,7.631202158060173879e+00
7.154855009289974532e+01,1.953432123636125839e+00
2.688424004090905584e+01,1.383580623144530541e+01
1.662970231528229093e+01,3.616021881534938132e+01
6.566574323755786224e+01,2.319114929021421911e+00
3.287307099365206398e+01,9.253785845826955736e+00
1.150307446745547146e+01,7.557395269197567700e+01
2.499951820166941729e+01,1.600061671969116261e+01
5.832193914958460823e+01,2.939923902029702774e+00
1.898441650119798041e+01,2.774632655430138328e+01
1.587540816181178016e+01,3.967803901137305189e+01
1.506453987123907901e+01,4.406444024538686222e+01
5.946986624683154332e+01,2.827522545751819383e+00
7.438561883472557668e+01,1.807265837420514609e+00
3.441865683110690100e+01,8.441354974894242247e+00
3.043592229070091904e+01,1.079510986984755405e+01
1.248816999780715342e+01,6.412131140898617332e+01
2.380116027375649779e+01,1.765239928559373794e+01
3.839393862746981512e+01,6.783825488619557476e+00
1.230365150016255171e+01,6.605899427766699716e+01
7.784351903446236065e+01,1.650270280960761005e+00
1.425346919510526433e+01,4.922195251083646639e+01
9.875136497020424997e+01,1.025448337747935978e+00
1.321779988005131656e+01,5.723763164864637787e+01
1.050573910321115889e+01,9.060387601669688706e+01
2.873077337480563287e+01,1.211449645062688418e+01
2.356972134332457003e+01,1.800077087286837241e+01
2.130917425331201898e+01,2.202250708619993347e+01
2.354855015687880382e+01,1.803315239832083705e+01
3.596392193941215965e+01,7.731538223415539868e+00
3.865974382226959705e+01,6.690861748749744820e+00
1.117165627251000970e+01,8.012441470979653957e+01
4.227052272368928243e+01,5.596606379370422601e+00
1.048868072251117667e+01,9.089882487945448020e+01
2.744435029599848264e+01,1.327682075521781613e+01
2.391231720458561938e+01,1.748866560173009788e+01
1.107506725521667867e+01,8.152808765998645413e+01
1.318277938345340417e+01,5.754214296965901809e+01
3.184222126591230051e+01,9.862642434910723566e+00
1.215955716227646022e+01,6.763390803072591950e+01
1.173750948061625721e+01,7.258520168163761355e+01
7.688724299763914871e+01,1.691575643597390544e+00
1.805661301912720518e+01,3.067096348209815915e+01
3.043441442159500809e+01,1.079617958097642649e+01
1.730604917502843065e+01,3.338905543217112637e+01
1.373304495387817603e+01,5.302324668311062794e+01
1.591877733007477502e+01,3.946213556185195159e+01
1.133895368397178238e+01,7.777751035010955150e+01
3.579525247359401163e+01,7.804572873087709084e+00
2.415718349156639277e+01,1.713591912513465587e+01
1.076062828350449863e+01,8.636240765977811407e+01
9.442738447222458831e+01,1.121512398626350215e+00
1.262807695394771557e+01,6.270837697574765457e+01
3.939780944075911862e+01,6.442521098035481231e+00
1.429501583857413394e+01,4.893625361287634234e+01
1.411964311188938481e+01,5.015942631754525394e+01
2.406406512141650467e+01,1.726879411147718102e+01
1.020490915061120774e+01,9.602442482902817744e+01
1.765903161796266829e+01,3.206758331081743307e+01
1.277898296000508616e+01,6.123608510153723472e+01
1.312313603220211355e+01,5.806637822872946941e+01
1.024592447232256376e+01,9.525717543854706548e+01
2.832357505739761550e+01,1.246533228990938547e+01
3.343153808123826565e+01,8.947202872316996292e+00
1.539531583552502525e+01,4.219128903327403179e+01
4.639196102394272714e+01,4.646377998941521703e+00
2.448150497784461876e+01,1.668490644008764789e+01
1.072970352768537339e+01,8.686094615357056625e+01
2.896213339317806756e+01,1.192171954763068520e+01
3.752007585122019151e+01,7.103503268549925309e+00
3.013543172079810972e+01,1.101146657600883394e+01
1.242654103990200731e+01,6.475890296649130562e+01
1.009351720091128257e+01,9.815556902344823698e+01
1.208577161125490385e+01,6.846226040077230834e+01
1.367847874785611495e+01,5.344713129615617930e+01
1.249570291013782608e+01,6.404402490036213180e+01
2.309350251221426120e+01,1.875082533111341476e+01
3.557850770043943811e+01,7.899953658474625939e+00
2.334584668454265710e+01,1.834766245528586381e+01
4.482880343281446756e+01,4.976061122314065166e+00
1.170613915037235842e+01,7.297475330424846618e+01
1.275947014252955114e+01,6.142352269862054470e+01
1.366228971574221163e+01,5.357386992975133921e+01
1.260482311021539026e+01,6.293996386383627595e+01
6.568428328885713086e+01,2.317805926639080027e+00
1.417650713755189962e+01,4.975783988307922101e+01
2.305460374986475358e+01,1.881415317929157283e+01
1.673151632267744304e+01,3.572147613410037081e+01
2.822174198698641590e+01,1.255545239882257214e+01
1.224069357820625115e+01,6.674026815672772273e+01
7.732076768375004860e+01,1.672660054301592369e+00
3.146257330436423061e+01,1.010209664852039957e+01
1.200464498291594850e+01,6.939071426708417789e+01
1.513661604133970329e+01,4.364579521980047616e+01
1.257312840018785494e+01,6.325768562661289707e+01
2.097255813628096277e+01,2.273511661224139502e+01
1.234288825374863841e+01,6.563967253169035132e+01
9.006580754513052511e+01,1.232764459856868333e+00
1.460088498151391256e+01,4.690743013123169902e+01
2.822588707774346517e+01,1.255176502714547127e+01
1.446582116569924992e+01,4.778744557139424387e+01
1.034672855623481524e+01,9.341011112468119393e+01
3.419970784407952635e+01,8.549785278893311968e+00
1.382589970307184224e+01,5.231342997725078448e+01
1.336848372597449952e+01,5.595458726049265863e+01
1.120538277395155013e+01,7.964281591717072217e+01
1.084880793553655742e+01,8.496419729473986138e+01
8.177809708806333333e+01,1.495291961856292096e+00
1.888037134199113964e+01,2.805297575468815197e+01
1.517017273469141792e+01,4.345291822074454302e+01
1.684609606142424809e+01,3.523720510301249931e+01
8.974569418777495855e+01,1.241574423727659360e+00
1.145312817646253301e+01,7.623453538028633147e+01
1.394956730969361658e+01,5.138998920049087360e+01
1.576537333920132156e+01,4.023383963530736906e+01
1.569177843670423300e+01,4.061212041698922093e+01
1.178166273836729694e+01,7.204217683736027311e+01
3.184424080193043594e+01,9.861391512951890093e+00
3.938839871972698603e+01,6.445599974735999105e+00
1.363476220180828768e+01,5.379041116997913718e+01
3.408992844088926688e+01,8.604939492123703459e+00
1.082556983636851555e+01,8.532935600628718475e+01
1.363504461756298092e+01,5.378818292611672547e+01
1.686256659016249060e+01,3.516840277033346496e+01
2.662635790226720189e+01,1.410510973755002340e+01
1.260992239220768241e+01,6.288907001679970676e+01
1.662437073950752620e+01,3.618341630829609556e+01
1.481333169087543844e+01,4.557162397274621668e+01
1.291755028156149088e+01,5.992936535263071818e+01
3.570342670086976966e+01,7.844769716505334500e+00
2.032667260058968850e+01,2.420290052381134771e+01
1.041612017166876925e+01,9.216967083701176477e+01
4.753503295784501859e+01,4.425602474749292803e+00
4.055980027426209489e+01,6.078667445712627959e+00
1.293085501257643521e+01,5.980610453405385840e+01
2.682931187151132590e+01,1.389251685215455545e+01
1.207253094305247920e+01,6.861251608078424624e+01
1.266450955309410098e+01,6.234810356744342386e+01
1.555018828624397997e+01,4.135506388724604676e+01
7.730524309946882511e+01,1.673331935233644208e+00
1.237250729578571296e+01,6.532577381362848712e+01
1.488997829833371433e+01,4.510366889935384904e+01
1.143063033207349655e+01,7.653492136293778003e+01
2.273620477611706647e+01,1.934479161318757434e+01
1.016973966032443322e+01,9.668972594142226740e+01
2.282714179422459821e+01,1.919097001937658220e+01
1.371804815465863747e+01,5.313924184903717673e+01
2.630074117051942650e+01,1.445652878609405612e+01
1.807182899331568038e+01,3.061933703969576115e+01
6.186958039185423530e+01,2.612435994098137204e+00
1.513755300800064774e+01,4.364039231361546456e+01
1.152074407874284212e+01,7.534231169352914037e+01
1.083884754940884854e+01,8.512042516897653854e+01
1.422750694873842292e+01,4.940175610184000021e+01
5.876082919370280422e+01,2.896170787871593433e+00
1.301404203750715638e+01,5.904397524963366095e+01
2.853486092477022495e+01,1.228141705865026445e+01
3.008935128426300309e+01,1.104521949555291727e+01
2.232630113728443888e+01,2.006164049490585199e+01
3.986180429043558604e+01,6.293410999996237543e+00
2.464135874955641015e+01,1.646913148376533442e+01
1.109903517320645427e+01,8.117635462495618981e+01
2.220626737589969224e+01,2.027910905272643660e+01
1.260626152904354491e+01,6.292560134030289021e+01
1.130843167151484963e+01,7.819792758928915077e+01
2.543775571351825349e+01,1.545405363969777213e+01
1.089965141767449808e+01,8.417338297517235901e+01
1.035998885865407360e+01,9.317114298781058324e+01
3.229892638489624801e+01,9.585699863221297079e+00
4.215934972635559319e+01,5.626161477384168386e+00
1.240598222371209403e+01,6.497371377447839791e+01
1.205774756681057802e+01,6.878086368298875186e+01
1.949217209521481919e+01,2.631961461482485376e+01
1.113291957295732004e+01,8.068296632359350440e+01
3.384014671960730425e+01,8.732438291557024002e+00
6.300837873676695722e+01,2.518856289772895440e+00
1.336466112917961446e+01,5.598660040513055947e+01
1.175395029644760747e+01,7.238228686612902152e+01
3.005930332896579316e+01,1.106731263181093539e+01
1.857608165626061592e+01,2.897955932201876550e+01
1.115046156031830726e+01,8.042930395157786450e+01
1.044954049932745654e+01,9.158104883251107253e+01
2.590886836499689494e+01,1.489714726583016535e+01
1.130129061408687541e+01,7.829678219565290931e+01
1.112417584576086682e+01,8.080985160666207889e+01
1.303341123900443854e+01,5.886861289143008236e+01
1.238707233657270024e+01,6.517224065403304678e+01
8.824319861892701056e+01,1.284214343129337577e+00
5.652323638412850215e+01,3.130011685372193320e+00
9.016260477334398615e+01,1.230118925634003491e+00
1.601760072640531263e+01,3.897670055397020406e+01
2.665148888701170904e+01,1.407852149153201182e+01
3.705309912076019430e+01,7.283681110946846893e+00
6.049140492757522480e+01,2.732830258005458646e+00
9.413742075718343472e+01,1.128432043100505711e+00
1.059115575232602957e+01,8.914834610064436049e+01
2.618491757079465287e+01,1.458470260195668544e+01
1.051171057505654893e+01,9.050096511274584543e+01
1.075387339448267454e+01,8.647093631270193725e+01
1.192051191692906364e+01,7.037366795348330584e+01
3.809965903074291305e+01,6.889025970397973708e+00
3.472624425221346911e+01,8.292478779069618611e+00
1.398731748311695533e+01,5.111297209364015259e+01
1.210739303820334278e+01,6.821795842134577015e+01
1.211641241612826114e+01,6.811643422084378585e+01
2.811305307394719577e+01,1.265272226203917150e+01
1.295488575366528039e+01,5.958443495185607475e+01
6.693595648759753658e+01,2.231932482107304772e+00
2.045413663135921212e+01,2.390219002025779815e+01
7.640868527122609066e+01,1.712831123810192091e+00
4.140450671536368077e+01,5.833171834972163516e+00
1.464752164396277578e+01,4.660920583801959083e+01
1.380131342252621351e+01,5.249998299101815036e+01
2.961620574743619372e+01,1.140095320089773878e+01
1.037207303264604619e+01,9.295416795759605577e+01
3.108083316687620012e+01,1.035177194376220910e+01
1.760322317632405031e+01,3.227123678182845623e+01
4.478101794225084120e+01,4.986686623977440114e+00
1.242102554879112475e+01,6.481642743636341208e+01
1.578292242153144009e+01,4.014441710552453912e+01
8.407481982671386334e+01,1.414712234744495367e+00
1.294970961463430648e+01,5.963207755812948108e+01
5.979209844191597512e+01,2.797128439680028222e+00
2.314128582466972972e+01,1.867346994790431935e+01
1.215273105240026297e+01,6.770990842041959468e+01
2.817318448293147881e+01,1.259876924984577151e+01
3.471466816725018134e+01,8.298010184052383664e+00
2.304182002741444535e+01,1.883503535192915734e+01
5.205253379182184403e+01,3.690763784517577584e+00
1.014893239805047287e+01,9.708659740453462916e+01
1.370847515533835015e+01,5.321348490532146513e+01
8.851080786454936344e+01,1.276460530764575330e+00
7.074956278174360591e+01,1.997802164374637091e+00
1.599220827424056779e+01,3.910057334527674300e+01
2.165856325054365783e+01,2.131771798199411805e+01
2.435654386464866761e+01,1.685654925963507722e+01
1.170074490379156273e+01,7.304205407100309344e+01
1.117068814781942621e+01,8.013830352032496762e+01
1.240289806863412636e+01,6.500603104789884412e+01
3.416712845826856437e+01,8.566098007948117043e+00
1.070233794537501026e+01,8.730571613668901421e+01
2.683461804816884211e+01,1.388702328706445854e+01
1.264540917688302635e+01,6.253659436272737793e+01
1.095110414938144849e+01,8.338427967552225084e+01
1.118471556151486901e+01,7.993741719304991022e+01
1.021917989323823228e+01,9.575642229847606757e+01
2.460856761245755919e+01,1.651305125691080278e+01
1.384256629673195071e+01,5.218753398637637986e+01
2.718397667470456724e+01,1.353237494043240829e+01
2.634850092811540279e+01,1.440416796600477412e+01
3.708867203742698138e+01,7.269715794282220145e+00
4.992478332709121247e+01,4.012061878467224396e+00
6.057723487001432972e+01,2.725091625005217733e+00
3.636667449306053612e+01,7.561236486391949896e+00
1.045954051276778252e+01,9.140601744757422864e+01
1.547570946343649467e+01,4.175407475171157756e+01
1.695141596532792505e+01,3.480070467115432820e+01
3.440947035554233224e+01,8.445862841587764791e+00
4.818002391655998906e+01,4.307903611768961305e+00
2.344373025556981460e+01,1.819476993706074452e+01
1.046789085143891818e+01,9.126024466895964338e+01
3.225763224369951843e+01,9.610257561736105458e+00
2.527940263200650861e+01,1.564827197729198183e+01
6.355238525243922254e+01,2.475918185245597591e+00
1.068810647852612661e+01,8.753837018233883782e+01
1.000909338812037497e+01,9.981838000628467000e+01
5.082871379254266486e+01,3.870630903446213633e+00
1.196569106880681765e+01,6.984324805502674849e+01
1.110033322159285873e+01,8.115737056869129162e+01
5.063062159844707111e+01,3.900977823222151031e+00
1.056226681356523223e+01,8.963667368345068098e+01
1.162875458603679313e+01,7.394921863934116857e+01
7.380860827675398639e+01,1.835633467324974788e+00
1.321632607690002992e+01,5.725039793556928203e+01
1.137487648110962013e+01,7.728703049087565091e+01
2.322480011396952193e+01,1.853941517453881360e+01
1.446174050663682920e+01,4.781441767545875621e+01
1.043349375364736886e+01,9.186296933623854954e+01
1.972221805839509656e+01,2.570919554121442729e+01
1.890070560603266614e+01,2.799264681493107076e+01
1.170887521015660049e+01,7.294065268294414750e+01
1.635344979017590106e+01,3.739221879335771348e+01
1.013458122987676013e+01,9.736175284651545780e+01
2.074467540945501298e+01,2.323735604366896723e+01
1.121104689394822707e+01,7.956236089544380263e+01
1.219558763391908052e+01,6.723486504335299685e+01
1.215217262470094362e+01,6.771613149810501397e+01
1.141636017959185523e+01,7.672637425505216413e+01
4.870258174020689523e+01,4.215955635596223772e+00
1.624281373594375566e+01,3.790333918375588240e+01
1.039519597019877750e+01,9.254109582156638680e+01
2.892755182511321976e+01,1.195024032840849237e+01
1.300088939830769519e+01,5.916350198412924755e+01
7.432750372211079082e+01,1.810093068595177934e+00
1.122186446428795570e+01,7.940904294970313515e+01
1.143117617910573713e+01,7.652761234038254656e+01
1.669848525519207882e+01,3.586293632787349850e+01
6.468896791183439632e+01,2.389678936813011578e+00
5.446424494684764994e+01,3.371141837896522997e+00
2.176576207370147387e+01,2.110825076879972428e+01
3.155795202391444931e+01,1.004112507505485397e+01
3.711882159590768282e+01,7.257911017152816058e+00
1.280012893156354892e+01,6.103392668137048815e+01
2.024765028785532550e+01,2.439218681869244421e+01
4.748890686045844944e+01,4.434203848124521841e+00
2.609977711799223954e+01,1.468001173353045452e+01
3.103612860163910625e+01,1.038161488964430923e+01
3.904108403460388388e+01,6.560791919446287146e+00
2.343403843843512746e+01,1.820982298468688754e+01
1.391864455517285215e+01,5.161858693089829586e+01
3.230969191536512852e+01,9.579313051982341065e+00
3.660975798905835887e+01,7.461158811280125924e+00
1.007278156805439195e+01,9.856010728555384048e+01
2.775751505682864462e+01,1.297892825870647115e+01
1.175005177791339861e+01,7.243032588837661478e+01
2.298932391896538618e+01,1.892115315037679224e+01
3.091252185439769207e+01,1.046480468757842353e+01
2.063765105064226901e+01,2.347899320186616734e+01
1.713235227527751547e+01,3.406951949345585717e+01
1.837952045579699600e+01,2.960272209854251102e+01
1.207294103635912563e+01,6.860785490408758847e+01
1.344504500228604371e+01,5.531914760673434017e+01
2.617768456248082742e+01,1.459276334917611884e+01
2.419490298118423866e+01,1.708253149281048167e+01
1.219606610726840934e+01,6.722958966033340289e+01
1.356555113376838761e+01,5.434068573181259154e+01
1.376334522741947453e+01,5.279004024229324443e+01
1.149702579028717864e+01,7.565349373126555577e+01
4.013205580181301002e+01,6.208936026239522121e+00
8.144792947477762368e+01,1.507439542221130413e+00
1.129978023726684633e+01,7.831771455820128836e+01
2.003119534862831586e+01,2.492219371527886551e+01
1.228618215418406834e+01,6.624698235002927049e+01
1.099987070875992501e+01,8.264657090187220945e+01
6.166055377327279530e+01,2.630178106461498189e+00
3.445905270822058242e+01,8.421575205050737978e+00
2.526205567708188937e+01,1.566977007481360573e+01
6.180447472907626150e+01,2.617942843308939338e+00
1.133046526788479014e+01,7.789409076540221122e+01
7.295863308497378341e+01,1.878653226141839383e+00
1.084365314227792432e+01,8.504499607467138844e+01
1.581472696999941618e+01,3.998311287068924003e+01
1.017672059193082390e+01,9.655711881164758381e+01
2.274956041884941271e+01,1.932208468768180865e+01
1.160157090893201648e+01,7.429616592158104993e+01
5.233697621999668570e+01,3.650755472200794216e+00
1.023524731121475995e+01,9.545601903704054791e+01
5.358462311284130664e+01,3.482728654227440490e+00
5.703773464858738862e+01,3.073798986950366352e+00
5.313872150679298301e+01,3.541422950557774119e+00
1.041120545344629811e+01,9.225671068685350917e+01
1.119535078676734585e+01,7.978561335138050481e+01
1.372093368159696070e+01,5.311689372110817686e+01
3.919735960036115330e+01,6.508581892176833250e+00
1.010519377171359068e+01,9.792886218238625418e+01
3.722486671588305285e+01,7.216617666162191469e+00
1.135392255004232176e+01,7.757256379171941774e+01
3.484421103109562523e+01,8.236424642843269694e+00
1.003775967083035070e+01,9.924906252781649130e+01
1.169545710081355772e+01,7.310811720990973583e+01
2.238663159233340139e+01,1.995365667257274822e+01
1.517886288874475476e+01,4.340317741190973777e+01
3.582049538778729669e+01,7.793576891926255357e+00
1.174846772877480916e+01,7.244985880666594369e+01
3.913467189347318254e+01,6.529450080775383469e+00
3.732375332749749930e+01,7.178428499578189736e+00
1.488025392968445182e+01,4.516263940103751651e+01
1.938804594523363534e+01,2.660307994422872824e+01
3.124589014161250589e+01,1.024269396822891842e+01
2.470560464639905973e+01,1.638358827212129043e+01
2.334751623965291856e+01,1.834503850693492311e+01
3.463699372083937078e+01,8.335268963262778996e+00
2.736116257519851658e+01,1.335767605108736866e+01
1.186976313993873866e+01,7.097671490424723117e+01
2.905310151663550045e+01,1.184718026841572147e+01
1.314130427781157628e+01,5.790593221222241027e+01
1.195578864580467027e+01,6.995899178784443961e+01
2.608396402908289247e+01,1.469781628926442707e+01
2.277450284859306961e+01,1.927978511829042318e+01
1.314297309574121009e+01,5.789122803194834432e+01
2.329795405139031317e+01,1.842317303763849523e+01
1.546822070179814013e+01,4.179451405123040786e+01
5.785173004477882586e+01,2.987908529515284073e+00
1.708319332813470126e+01,3.426587990762138958e+01
1.289415714922625256e+01,6.014701545321707243e+01
1.378369120462600250e+01,5.263430949775341361e+01
3.795169369650096058e+01,6.942848291177321940e+00
3.893398268376301985e+01,6.596937008971341498e+00
2.158329526624712358e+01,2.146666089569809799e+01
6.232893600676066370e+01,2.574071306188801422e+00
3.009172609301158374e+01,1.104347620912440497e+01
1.342358915986274503e+01,5.549612970396819378e+01
5.496624916504499936e+01,3.309846061880871382e+00
2.731593644980619118e+01,1.340194442467177538e+01
3.098513572434364960e+01,1.041581348290715248e+01
1.038391981335829684e+01,9.274219030516019302e+01
4.862994384031191686e+01,4.228559675459438338e+00
1.039643346321293826e+01,9.251906670083363338e+01
1.703996832317314158e+01,3.443994377864675727e+01
1.099849334666125067e+01,8.266727217041815834e+01
1.314247297357592892e+01,5.789563408813783241e+01
2.806851590775010408e+01,1.269290703492617389e+01
1.032649076108748076e+01,9.377659905347410074e+01
5.628227253599933277e+01,3.156870380438089985e+00
5.190226050996257356e+01,3.712166555218860076e+00
1.127228060154619449e+01,7.870030540557323206e+01
3.185652569919872334e+01,9.853787242236522914e+00
1.444914572122922536e+01,4.789781012020705475e+01
3.492115119493199416e+01,8.200170755115681942e+00
1.194798921223424948e+01,7.005035755518618146e+01
3.198610178750409005e+01,9.774113325275660458e+00
1.060034183794099505e+01,8.899390400454942096e+01
6.343740558165553978e+01,2.484901473426804230e+00
1.290576672025797933e+01,6.003885187194068607e+01
1.121618949115117125e+01,7.948941930042005310e+01
5.836702897928173428e+01,2.935383343178300741e+00
1.462794552016830707e+01,4.673404060977798480e+01
1.696327886879774738e+01,3.475204744528206646e+01
1.036167284304769076e+01,9.314086100468479401e+01
3.905692212453842416e+01,6.555472025389155633e+00
3.124943156232021835e+01,1.024037254148258924e+01
1.639907670997037670e+01,3.718443656507446349e+01
1.925011995518260122e+01,2.698566469193123751e+01
1.189757432504135970e+01,7.064527936922517881e+01
1.126993134921407247e+01,7.873311947345105466e+01
1.411556206963423854e+01,5.018843434836372097e+01
2.842860755868655787e+01,1.237339346258865902e+01
3.053481493078787778e+01,1.072529918474514510e+01
1.120511662288718568e+01,7.964659941584929470e+01
1.075001536059126828e+01,8.653301392940642245e+01
2.198005873285259781e+01,2.069866343488730465e+01
1.929675755377637358e+01,2.685538107018708232e+01
1.554993435740427543e+01,4.135641454621213597e+01
1.927813491482267594e+01,2.690729061686883128e+01
1.059688044319166700e+01,8.905205193661585383e+01
1.289751671226554386e+01,6.011568517823287294e+01
3.639843382105433278e+01,7.548047181367610214e+00
3.380945175663417501e+01,8.748301520989521407e+00
1.123923720480108912e+01,7.916374400820002677e+01
2.172869662507648414e+01,2.118032633845942669e+01
1.989859506271767131e+01,2.525545351585306264e+01
2.262787304009995282e+01,1.953046274234766599e+01
2.520496788971622948e+01,1.574083269712928157e+01
3.463987137086059676e+01,8.333884143420105417e+00
2.851524137118923719e+01,1.229832302204308903e+01
2.587770926861180598e+01,1.493304388256593818e+01
5.532633002152518031e+01,3.266903258220636097e+00
2.700836962017134724e+01,1.370892066241685292e+01
1.370130500805955975e+01,5.326919468763453125e+01
3.486787974842871307e+01,8.225246478730390720e+00
1.079910147628866035e+01,8.574814935247118797e+01
2.634040234149360415e+01,1.441302670198977154e+01
1.116334454854201574e+01,8.024377319446304568e+01
1.139445325931681552e+01,7.702168537029781703e+01
2.358520599265023776e+01,1.797714215205127175e+01
2.184363260733488943e+01,2.095802109387440737e+01
3.676383563831191026e+01,7.398750262131459365e+00
5.167441246729358539e+01,3.744974846921099054e+00
1.136915021841440421e+01,7.736490390865337474e+01
1.022612944202133356e+01,9.562631680521435840e+01
1.135581527556155912e+01,7.754670720077606916e+01
3.411601570890119461e+01,8.591784759220685075e+00
3.309916576586514481e+01,9.127795555006539274e+00
5.031677115836454561e+01,3.949794229061987849e+00
1.919436531833350301e+01,2.714266505228076909e+01
2.162490279787189706e+01,2.138413423454831630e+01
2.796730321758245097e+01,1.278494364416943796e+01
3.547697587268640262e+01,7.945236238386247152e+00
4.940151905681015165e+01,4.097504067272377704e+00
2.285546068604331893e+01,1.914344261908282263e+01
1.386552196518961466e+01,5.201487434463764714e+01
3.406298947364396668e+01,8.618555434254320247e+00
2.098269258523026792e+01,2.271316020838362704e+01
1.669386105981890722e+01,3.588280712853206467e+01
6.533411001650215155e+01,2.342718143397896302e+00
1.692679447687831740e+01,3.490201958072049848e+01
2.302864265751379236e+01,1.885659695611123254e+01
1.144741077496839132e+01,7.631070497023274868e+01
1.209489892493035157e+01,6.835897045174841935e+01
5.443572228263169421e+01,3.374675515177052443e+00
3.498113734524298479e+01,8.172071330277384860e+00
1.464075346312805159e+01,4.665230914555910147e+01
2.662960013708942952e+01,1.410167526660662141e+01
3.849408229792823022e+01,6.748574693784948231e+00
3.404468470469846153e+01,8.627825784603599502e+00
4.547156076394823288e+01,4.836378453353741946e+00
1.125389476326690463e+01,7.895766574153516615e+01
3.875067955963138644e+01,6.659495870981920973e+00
1.444277535544477686e+01,4.794007261550684973e+01
1.142614880760330820e+01,7.659496965960801163e+01
2.144063124833729717e+01,2.175328575524890695e+01
1.135802404315526815e+01,7.751654949046474030e+01
4.301365276292334272e+01,5.404896106400350675e+00
2.615431151861367454e+01,1.461885692086972277e+01
3.835931166424938965e+01,6.796078539528144447e+00
1.161461020978859970e+01,7.412944035077308058e+01
2.452171529535623407e+01,1.663023201722941025e+01
3.414139389020876791e+01,8.579016514710755104e+00
1.146229939662808128e+01,7.611259056338414553e+01
3.359719554688511778e+01,8.859188568549880571e+00
3.013656705366010868e+01,1.101063692315867470e+01
3.444851566543253085e+01,8.426727942005628691e+00
1.017899153107096488e+01,9.651403971496711165e+01
5.893009796350393259e+01,2.879556961603884524e+00
1.643767600076020585e+01,3.701000707911175880e+01
2.512844389739058570e+01,1.583685022083823846e+01
1.061407604577324371e+01,8.876374360456301815e+01
1.205914618585154230e+01,6.876491020741323723e+01
3.781255538214949041e+01,6.994037295263471954e+00
1.840347945858004053e+01,2.952569427076335273e+01
1.897850589165093638e+01,2.776361171268450789e+01
1.472744486484108606e+01,4.610469877612670331e+01
3.383700363143515943e+01,8.734060663239942457e+00
1.057755721577975194e+01,8.937771215889689813e+01
1.342029575974128086e+01,5.552337103903003879e+01
1.663344848407801990e+01,3.614393271218061443e+01
3.679495573227222138e+01,7.386240262893679187e+00
5.028350631293640305e+01,3.955021897701746614e+00
3.365477403949787316e+01,8.828900897025791394e+00
1.739206502715639502e+01,3.305960794430388461e+01
5.434613524107669491e+01,3.385810672454908854e+00
4.225060219634189451e+01,5.601885055978352845e+00
1.178895145237645536e+01,7.195312184355351803e+01
1.709823330630660365e+01,3.420562439273530941e+01
3.412086512544210848e+01,8.589342723700667648e+00
1.385496865287996293e+01,5.209414385246726908e+01
7.561410024695773302e+01,1.749018577879698499e+00
1.905002480252288066e+01,2.755553891377644149e+01
4.173027199812884191e+01,5.742454583524109424e+00
1.074743238008628232e+01,8.657461269254963554e+01
1.142340142123067892e+01,7.663181705270181965e+01
1.777272517601290502e+01,3.165861776143276529e+01
3.952204720947037941e+01,6.402080560934177988e+00
2.015842223401532962e+01,2.460860100298985742e+01
3.925591104629415184e+01,6.489180855798890590e+00
1.150578114261545792e+01,7.553840011578645885e+01
1.069338208422484904e+01,8.745201695910901663e+01
1.254157318218731909e+01,6.357640500685474905e+01
3.072295816022145587e+01,1.059434084635955386e+01
1.076330983085013315e+01,8.631938073954871982e+01
2.712288106760031070e+01,1.359340826714807982e+01
1.157957153301371989e+01,7.457873629075410804e+01
2.468529560383233346e+01,1.641055751490672421e+01
2.224413938144802927e+01,2.021011499321355132e+01
4.076212544808597471e+01,6.018473568436514931e+00
1.892936975552211365e+01,2.790793423233992598e+01
1.554444980578316127e+01,4.138560328019728018e+01
1.286137878657496181e+01,6.045398611556876745e+01
1.066485555517492578e+01,8.792047880085516454e+01
1.161608661840595325e+01,7.411059779340274645e+01
1.068755788561336928e+01,8.754735711134546250e+01
2.569666979350635927e+01,1.514419916153256196e+01
1.085274527948857504e+01,8.490255895791325713e+01
1.208274353071653096e+01,6.849657962883455298e+01
1.582415919175826602e+01,3.993546203681796669e+01
4.470165843415450979e+01,5.004408216140902255e+00
3.988869285053002045e+01,6.284929211660178261e+00
1.017899190728629932e+01,9.651403258065333546e+01
1.342677924537975898e+01,5.546976204496169771e+01
1.131063848498485136e+01,7.816741624277155154e+01
1.484612061489417378e+01,4.537054862500779251e+01
1.224766880719821138e+01,6.666427065908651173e+01
1.027061309762877350e+01,9.479976513896446022e+01
6.526083345269425706e+01,2.347982026868210337e+00
5.227215923896766014e+01,3.659814889745228061e+00
1.330313887167934617e+01,5.650563379864420455e+01
3.208847219833247522e+01,9.711848974531996248e+00
5.544892240668630023e+01,3.252473591640201445e+00
1.375346069674089833e+01,5.286594728748083583e+01
1.672857204918284779e+01,3.573405139162922950e+01
6.755601842286115755e+01,2.191148990527290508e+00
1.854617943301706973e+01,2.907308282452552461e+01
1.329294679641733978e+01,5.659231592628356111e+01
2.828074455643090701e+01,1.250311776703603606e+01
1.642382253402300307e+01,3.707246916902713707e+01
9.119835374235628933e+01,1.202336419762398467e+00
2.400005083819001683e+01,1.736103756072268212e+01
4.355783397263662238e+01,5.270689709255655941e+00
3.981467964048658104e+01,6.308317577468787185e+00
1.467119466421817719e+01,4.645891262640733999e+01
1.889486164740170437e+01,2.800996508599476442e+01
4.277600006067544314e+01,5.465119423675807830e+00
3.050439146083628472e+01,1.074670354781819803e+01
1.719785550162551857e+01,3.381048563139760432e+01
1.544944148198373313e+01,4.189618055895913784e+01
1.755263115486301473e+01,3.245753591966051488e+01
3.685805412335953690e+01,7.360972464198570542e+00
4.682311402993184402e+01,4.561203120398166888e+00
1.107141580980953322e+01,8.158187381661943505e+01
1.092721235600863139e+01,8.374930926174725698e+01
4.636176183796597172e+01,4.652433098127850997e+00
4.694078349927831795e+01,4.538364062219998551e+00
3.450067908421637242e+01,8.401265565732851215e+00
1.498874774919526409e+01,4.451119955434243991e+01
2.597081061112244882e+01,1.482617047972815527e+01
3.516020877309614434e+01,8.089042360092145501e+00
1.467266484689858785e+01,4.644960284287930818e+01
1.138015754677545921e+01,7.721531563512380103e+01
1.304357064349917650e+01,5.877694517962000020e+01
4.443584345211647246e+01,5.064459982496924972e+00
3.941349267241290732e+01,6.437394962726282088e+00
1.184452988468014922e+01,7.127945064843486023e+01
1.126878955587145548e+01,7.874907531423590967e+01
7.221624589426446050e+01,1.917477089406725232e+00
1.039577106979575483e+01,9.253085725927705596e+01
3.173539145647653825e+01,9.929154776732602272e+00
1.358166568267421148e+01,5.421181256311336227e+01
1.510873078402400083e+01,4.380705262619407847e+01
1.858352717350306094e+01,2.895634256851949573e+01
5.571542547404757784e+01,3.221432955510916685e+00
1.494339920869144933e+01,4.478176459684463850e+01
2.715192232868517053e+01,1.356434523477341791e+01
1.732338838905342371e+01,3.332224976681244755e+01
4.361401828624142496e+01,5.257118873305009821e+00
3.085166665866359637e+01,1.050612925060942793e+01
1.826811832578396633e+01,2.996486794544259169e+01
1.567542983697594750e+01,4.069687694868568428e+01
5.175548872328934635e+01,3.733250845233390347e+00
3.661968068332627269e+01,7.457115915988581811e+00
1.155843953707575800e+01,7.485168632437554948e+01
3.879071803469157942e+01,6.645755550283695356e+00
1.162635934355674472e+01,7.397969155872118563e+01
3.762211493311203725e+01,7.065023135220376282e+00
7.165423990864354664e+01,1.947673759049137754e+00
4.394193161943849901e+01,5.178949928522510682e+00
2.675395949437583454e+01,1.397088344837471929e+01
3.173369117878867129e+01,9.930218805023852013e+00
9.998726865201247449e+01,1.000254675594172582e+00
1.090716325935160924e+01,8.405748127323199981e+01
1.376856613086445869e+01,5.275001291544840853e+01
3.722629700579549450e+01,7.216063130364140932e+00
2.748458532636607288e+01,1.323797699797751548e+01
1.630997576248060454e+01,3.759182140148689655e+01
5.649377452217954954e+01,3.133277178554779940e+00
1.159973880659487477e+01,7.431963695502071232e+01
4.624313222233142540e+01,4.676333913307446188e+00
1.145515227977562311e+01,7.620759676977648667e+01
1.752563151906673866e+01,3.255761980934968136e+01
1.379856250179868837e+01,5.252091816998411389e+01
3.619137507648851226e+01,7.634662292552400586e+00
1.329040660020022635e+01,5.661395097917027641e+01
1.762620797323366517e+01,3.218712746003535585e+01
1.201347823071277787e+01,6.928870883293942029e+01
1.151605954834496792e+01,7.540362001404706405e+01
1.600383902053242124e+01,3.904376152695583357e+01
2.021276571084230156e+01,2.447645489087552306e+01
1.106961473197338641e+01,8.160842347744312519e+01
4.880691953822743301e+01,4.197949445179326666e+00
1.012563073105370570e+01,9.753395375492317498e+01
1.572162915229535152e+01,4.045804605938656806e+01
1.692747829082028588e+01,3.489919978616885743e+01
1.791659581913699029e+01,3.115222040878400023e+01
1.225534420351620035e+01,6.658079451010897287e+01
4.731858383611525198e+01,4.466183091909683434e+00
4.445832824023093366e+01,5.059338579222070642e+00
1.470733015210804595e+01,4.623089665661024128e+01
1.723868323342629338e+01,3.365052320744000980e+01
2.739506873411081500e+01,1.332463162141907098e+01
2.358538750511397453e+01,1.797686544997834446e+01
5.093112884323245027e+01,3.855080009246819817e+00
1.542144630720224363e+01,4.204843028601651156e+01
1.695220170677865212e+01,3.479747869225948165e+01
1.530297981724386780e+01,4.270197766542949580e+01
3.957018299723888077e+01,6.386514206212683398e+00
2.393173888286701612e+01,1.746029144854335868e+01
5.430706959636569309e+01,3.390683572112466848e+00
1.373101883576019588e+01,5.303889581857949764e+01
7.951383174277539467e+01,1.581665475920606134e+00
3.552087749662894112e+01,7.925608726628401435e+00
3.851699684903576326e+01,6.740547351419190036e+00
3.511364051125273988e+01,8.110512217677406710e+00
1.003986780355150010e+01,9.920738703294408367e+01
4.821191283541484296e+01,4.302206722817610185e+00
3.381515387826527785e+01,8.745351383684052848e+00
6.415228308835693838e+01,2.429829308417612133e+00
1.599888947986117849e+01,3.906792302620691260e+01
1.155748703783887166e+01,7.486402449300564399e+01
1.688478736567489591e+01,3.507589879615775175e+01
7.420500239220680783e+01,1.816074386020065434e+00
5.805855188052425575e+01,2.966658807638864470e+00
4.410658625502502161e+01,5.140354947415445075e+00
1.628888346158908362e+01,3.768923892767946171e+01
3.617684299328488606e+01,7.640797146899164005e+00
1.764838849365831308e+01,3.210627264364269706e+01
3.505278762716921648e+01,8.138696935741691618e+00
1.758986972914303237e+01,3.232025315713728730e+01
2.366274695288288399e+01,1.785951583327431180e+01
1.413288337959883201e+01,5.006548750473701404e+01
2.377667266800123613e+01,1.768877843715408815e+01
1.112250557045059018e+01,8.083412398553186051e+01
1.075213310317568727e+01,8.649893016205358265e+01
1.026188975268065739e+01,9.496100689164488529e+01
1.563150196031826944e+01,4.092593226843676746e+01
1.302598946503904465e+01,5.893571474314654068e+01
1.557125665448156937e+01,4.124323035992839692e+01
9.053261435170723814e+01,1.220084405579117348e+00
1.209795230653407749e+01,6.832446879766081338e+01
1.620582166871837870e+01,3.807657608234385549e+01
1.788393486805201249e+01,3.126610924091063737e+01
1.203740055201494563e+01,6.901358303653232440e+01
1.095578237176839487e+01,8.331308313207783556e+01
4.815302978431693504e+01,4.312734905472243696e+00
1.394939310883535910e+01,5.139127273104340077e+01
3.855660204459623230e+01,6.726706734176981506e+00
2.431036666605155006e+01,1.692064763398312977e+01
1.081704530927873442e+01,8.546389903573975744e+01
1.029711550495136407e+01,9.431240753083093864e+01
2.214123504718957847e+01,2.039840993565584526e+01
3.828362796200563167e+01,6.822975718766116415e+00
4.799045163057478902e+01,4.342005067145188413e+00
1.833474612030343209e+01,2.974748119136011226e+01
3.204856095866840349e+01,9.736053074437064581e+00
2.605772849959624438e+01,1.472742739759318376e+01
2.874265563892577546e+01,1.210448221295779625e+01
3.641171198056969160e+01,7.542543133641474107e+00
1.429140061547861684e+01,4.896101505589160041e+01
1.727767201332234137e+01,3.349882308016042742e+01
2.270533822111617894e+01,1.939742354795485113e+01
7.427973419333811478e+01,1.812421970214272759e+00
4.181704137687966494e+01,5.718648391030962230e+00
1.459401329344630227e+01,4.695161388080114762e+01
2.067024706543798729e+01,2.340500103630105500e+01
2.522590726968040542e+01,1.571471141826675399e+01
1.539603416676264658e+01,4.218735209555137544e+01
1.460652628046646662e+01,4.687120416878897089e+01
1.158254395339643317e+01,7.454046302159179049e+01
1.046244745132481668e+01,9.135523109679523657e+01
1.400499010278639389e+01,5.098405658836724541e+01
4.029845061677958995e+01,6.157767715471926806e+00
1.104273728096009499e+01,8.200616829226288473e+01
1.349556755432172039e+01,5.490573290321233202e+01
1.428187100491665618e+01,4.902637554950194243e+01
5.003428778208334649e+01,3.994519592840940714e+00
1.288678937457466844e+01,6.021581091872801750e+01
7.369522468791286940e+01,1.841286230327605411e+00
1.205979299834397445e+01,6.875753415871866991e+01
2.676188809886347642e+01,1.396260651363604843e+01
2.344127855745139044e+01,1.819857607893703388e+01
2.942198524693656481e+01,1.155197002293669861e+01
2.617376381320811518e+01,1.459713557870943923e+01
3.209799113007379390e+01,9.706089566149735504e+00
3.049610582306610240e+01,1.075254399116160009e+01
5.382553684341434064e+01,3.451622249733986347e+00
1.698235054412081979e+01,3.467403614720447536e+01
1.889997782885018651e+01,2.799480266950946472e+01
3.913764280937095208e+01,6.528458824818519801e+00
4.138493856565616369e+01,5.838689367160808885e+00
1.675486742833930620e+01,3.562197612870379970e+01
3.038423539755719816e+01,1.083186842330203703e+01
1.825025478616876384e+01,3.002355650404319931e+01
3.116371695282600740e+01,1.029678151497122052e+01
1.365728091299051172e+01,5.361317352990499074e+01
9.070088836768701412e+01,1.215561449832980312e+00
6.914380144606518286e+01,2.091671573585885291e+00
1.578124927483863438e+01,4.015292987382743917e+01
1.117031456866912009e+01,8.014366388860717905e+01
1.370666281447227419e+01,5.322755796606571010e+01
7.835210278868723321e+01,1.628915992471750007e+00
1.543635082161823746e+01,4.196727005804657296e+01
1.550502167512152418e+01,4.159635199463438937e+01
1.290665328608001516e+01,6.003060394511737741e+01
2.664023954579624842e+01,1.409041384182501311e+01
1.549446849279435057e+01,4.165303330359147793e+01
2.329235055752508288e+01,1.843203831334137632e+01
6.323472063247591279e+01,2.500856609994690505e+00
1.532305358846196341e+01,4.259016858638063496e+01
2.467041958971624638e+01,1.643035428296867195e+01
5.898552176607486786e+01,2.874148142212449297e+00
1.078866909310327493e+01,8.591406232126527698e+01
1.322497816534797543e+01,5.717551335422322722e+01
3.127838985523469972e+01,1.022141974785743557e+01
1.040380642975091874e+01,9.238798039542577101e+01
1.609611155987479947e+01,3.859740021949880884e+01
1.660384543505404409e+01,3.627292987048306827e+01
1.075769208469291094e+01,8.640955751354847791e+01
6.625833391758284563e+01,2.277817774297828723e+00
2.011210016804913892e+01,2.472208830260248291e+01
7.292006817607821745e+01,1.880640861384156981e+00
1.123118064093592672e+01,7.927735922548146164e+01
3.065983685904118161e+01,1.063800819911664419e+01
2.431552814762118331e+01,1.691346487069129623e+01
3.304379965122870999e+01,9.158409102117174072e+00
1.340141998754380026e+01,5.567988946559891872e+01
1.777577670223413620e+01,3.164774917192617210e+01
1.709492544928619395e+01,3.421886320586576602e+01
1.965744971724565460e+01,2.587889050853280182e+01
1.628099452507435174e+01,3.772577232835082839e+01
5.757527514481518693e+01,3.016671052161196354e+00
1.685918922910149576e+01,3.518249458573160382e+01
1.345641192653324048e+01,5.522572850221325069e+01
3.677716029237979711e+01,7.393389982665002691e+00
4.049472473010877138e+01,6.098220137551877862e+00
3.433974535610610701e+01,8.480195398698066711e+00
2.745211264743315382e+01,1.326931351674442361e+01
3.673909648570714381e+01,7.408717869183510274e+00
1.040482224460688343e+01,9.236994173996680502e+01
2.024296275467783346e+01,2.440348481145824877e+01
1.989360302031633410e+01,2.526813016505483489e+01
1.317929891835133738e+01,5.757253910323541390e+01
1.161638159340523302e+01,7.410683405754414821e+01
2.228956627266210333e+01,2.012782113947202234e+01
3.766673471460314460e+01,7.048294683691127993e+00
1.070779398786562631e+01,8.721676740653524007e+01
2.789729530164486704e+01,1.284919147215467206e+01
4.208449043697238068e+01,5.646194750058267431e+00
1.563681165378936200e+01,4.089814306615254935e+01
4.585519447951536876e+01,4.755792751232714721e+00
2.586482021726880731e+01,1.494793056838535605e+01
1.785287387965059125e+01,3.137499939350545830e+01
7.480624020756860659e+01,1.786999146399737004e+00
1.261042002717386090e+01,6.288410663212850693e+01
7.906861033875632927e+01,1.599527783338070996e+00
3.457527129263368693e+01,8.365055121376915537e+00
1.856659780691922634e+01,2.900917249846036938e+01
3.915953336096481507e+01,6.521161923757202494e+00
6.375677381059944082e+01,2.460069258681528481e+00
4.076915972681971567e+01,6.016396902219288911e+00
2.102633565969131979e+01,2.261896943764034873e+01
2.258812397768002711e+01,1.959926001290949316e+01
1.030060950007849030e+01,9.424843632522627956e+01
7.738154076965344075e+01,1.670033774320685005e+00
7.824613170539167584e+01,1.633331159826796997e+00
8.030714081540378402e+01,1.550571053267488564e+00
2.256011061284952390e+01,1.964796386091852298e+01
1.817445981448246428e+01,3.027449983930861066e+01
1.156402867246067245e+01,7.477934905846629476e+01
2.341981781192475864e+01,1.823194388357317308e+01
1.959914873714782502e+01,2.603308176842018895e+01
9.384683887236329269e+01,1.135430884235863802e+00
1.118271597791172312e+01,7.996600699890063879e+01
1.727388694180008599e+01,3.351350528034727461e+01
3.099554346231715130e+01,1.040881977702665750e+01
1.408882149101414960e+01,5.037913041154668292e+01
1.263407735715899882e+01,6.264882594053225517e+01
1.450241349741658858e+01,4.754659628542564320e+01
1.113805381429707175e+01,8.060859958918526047e+01
1.002686966549097569e+01,9.946476489319731229e+01
2.972725463123320466e+01,1.131593368628444374e+01
2.641573263708927755e+01,1.433094005562932871e+01
2.837956262352160763e+01,1.241619726915705257e+01
4.350874391958716103e+01,5.282590048306461838e+00
1.621056454996422858e+01,3.805429847946585653e+01
1.404328127567010043e+01,5.070640384524836719e+01
5.130769994556371927e+01,3.798699218995272187e+00
4.970891516598327797e+01,4.046983459361963575e+00
4.565890994753678456e+01,4.796770297879016098e+00
1.901619666907578932e+01,2.765366385140024263e+01
1.129255156946153349e+01,7.841801322618117354e+01
2.214835509767561916e+01,2.038529705543591319e+01
3.532276963842134165e+01,8.014759629138961117e+00
1.624450083425167080e+01,3.789546657019725018e+01
1.143807274756056991e+01,7.643535574831652468e+01
2.445854340630591750e+01,1.671624857671768893e+01
1.084125865293800928e+01,8.508256769467624281e+01
2.352244180519588213e+01,1.807320582269616693e+01
2.377138868741606359e+01,1.769664314805986649e+01
2.844603791272979265e+01,1.235823447612024317e+01
1.067929654175155463e+01,8.768286015118655996e+01
2.579587501636398272e+01,1.502794067179692306e+01
3.151338458889385308e+01,1.006954624504713180e+01
2.352682265668300943e+01,1.806647574611863760e+01
4.599898014113384903e+01,4.726107481873890848e+00
3.236505590390283515e+01,9.546568145287437801e+00
2.579232656595084094e+01,1.503207597695275055e+01
1.588725814020384774e+01,3.961887102272016392e+01
1.775199321802228880e+01,3.173260701854306376e+01
1.746811993995662249e+01,3.277235642898445889e+01
2.248616665368030354e+01,1.977739784114928412e+01
1.836215368880625931e+01,2.965874457859185753e+01
1.051901473432285172e+01,9.037532521652103412e+01
2.115060868793399607e+01,2.235394918301675204e+01
1.888694496715755733e+01,2.803345140538642610e+01
1.349486257098787689e+01,5.491146969934280264e+01
1.139607904787635917e+01,7.699971078724304618e+01
1.145484853054487395e+01,7.621163843051833453e+01
3.697822050150312378e+01,7.313208988161227886e+00
1.058799791074910601e+01,8.920153053399002374e+01
1.034879303962927644e+01,9.337284602770975539e+01
1.916914863217546028e+01,2.721412344295868380e+01
2.800303381749697706e+01,1.275233844342732681e+01
1.546055609911677031e+01,4.183596375674009238e+01
2.239590402166959038e+01,1.993713752958653274e+01
1.381688067489060501e+01,5.238174789941930953e+01
5.914946912626641762e+01,2.858237400438682130e+00
2.204111998714212817e+01,2.058413788819976631e+01
1.067344966944400042e+01,8.777895109125755368e+01
5.808837548277460883e+01,2.963613319144257741e+00
1.477069578824199247e+01,4.583509044527028919e+01
1.116548259631032636e+01,8.021304481484112614e+01
5.755000595842036404e+01,3.019320767211644441e+00
1.150335135092373662e+01,7.557031463456769416e+01
1.800902277592758338e+01,3.083327847650248188e+01
2.212524505916323037e+01,2.042790458685137978e+01
1.599475041430732425e+01,3.908814536328087286e+01
2.300970852397410482e+01,1.888764300100570637e+01
9.103343231261160895e+01,1.206696810315571744e+00
1.731421006322835154e+01,3.335758762266259936e+01
1.237147669803143302e+01,6.533665810847023181e+01
2.657498706501548114e+01,1.415969427084605847e+01
1.908844257727802685e+01,2.744473289272458771e+01
1.616458676748222345e+01,3.827108602833034467e+01
1.026288383228618706e+01,9.494261162770082763e+01
2.017812055316013087e+01,2.456057755460257397e+01
8.719824976487780077e+01,1.315177784140668216e+00
1.673432542602867201e+01,3.570948438737094932e+01
1.039798559725912064e+01,9.249144764441449240e+01
1.899361601770041830e+01,2.771945531785913630e+01
1.244906885386329698e+01,6.452473982622193205e+01
1.554412164232563498e+01,4.138735074285082050e+01
1.106052552961912916e+01,8.174260521208456964e+01
1.287481699123512335e+01,6.032785320552126507e+01
1.054107338702764807e+01,8.999747526875812298e+01
1.363495622560161635e+01,5.378888031865973574e+01
5.678687253931373391e+01,3.101016647323735942e+00
3.408984427534400652e+01,8.604981982216205694e+00
3.308276467240967378e+01,9.136848180351659465e+00
3.659103471735437552e+01,7.468796367615770926e+00
1.032679077826548131e+01,9.377115027804578062e+01
1.666456483662733490e+01,3.600908162365645637e+01
1.132174607451032777e+01,7.801411380088632086e+01
8.007498090660371304e+01,1.559575170971556402e+00
1.712026878184996548e+01,3.411762902978068013e+01
1.667691271293999478e+01,3.595577786346134275e+01
2.161250239128653661e+01,2.140868003001608244e+01
6.106763105913883294e+01,2.681500323749862247e+00
2.896237809179183742e+01,1.192151809898484593e+01
1.322156043696236516e+01,5.720507652603533444e+01
4.453897328515251530e+01,5.041033657837033388e+00
2.021453925893794690e+01,2.447216013400960932e+01
2.777799523662297432e+01,1.295979708718513201e+01
2.909728287056518070e+01,1.181123003329415155e+01
2.619087171067839037e+01,1.457807208659714071e+01
1.928578921797141987e+01,2.688593648029746674e+01
1.478307234284416971e+01,4.575837526460547622e+01
4.296905956394441972e+01,5.416120307061810024e+00
1.384325699454295133e+01,5.218232640895986663e+01
1.797701683612876877e+01,3.094316617883954024e+01
2.156908446495367215e+01,2.149495685298547087e+01
1.107878597074896909e+01,8.147336525919283190e+01
1.636037219385869790e+01,3.736058268276691052e+01
1.502855540805716039e+01,4.427570919463519772e+01
1.359469765174006994e+01,5.410792675984355071e+01
1.261093868601719947e+01,6.287893418174648019e+01
1.023071937019639499e+01,9.554053213036547731e+01
1.179449846323633189e+01,7.188545794171960779e+01
2.777169311247455497e+01,1.296567958897309758e+01
6.245456466309796895e+01,2.563726125452907567e+00
2.508682048396030595e+01,1.588944601431881942e+01
6.703247248498811928e+01,2.225509860397063999e+00
1.913344715435400545e+01,2.731577693654922356e+01
2.339633460906241424e+01,1.826856152569511949e+01
3.163644865831321340e+01,9.991358636673496108e+00
1.102571008332836833e+01,8.225965100067425340e+01
2.207783145309998929e+01,2.051573935874881016e+01
9.372355425559705111e+01,1.138419956270914080e+00
1.640199427880875760e+01,3.717120908765020459e+01
1.177776104062917284e+01,7.208991653189112014e+01
4.135714555548515392e+01,5.846539487234706733e+00
5.455804767085645324e+01,3.359559662312715744e+00
3.554424719204848060e+01,7.915190265836436367e+00
1.613097371455011597e+01,3.843074760177846372e+01
3.854146158001452704e+01,6.731992754226816977e+00
7.936625134364926737e+01,1.587553113082491141e+00
1.481925663071886845e+01,4.553519095040559250e+01
2.248171412559516824e+01,1.978523248747374552e+01
3.410197038768937716e+01,8.598863483762190896e+00
2.295613735431301095e+01,1.897589946462559496e+01
1.833154543235336575e+01,2.975786991903051870e+01
6.974077658314328687e+01,2.056015772052405044e+00
2.294318296114512989e+01,1.899733421164724234e+01
1.339794192842290244e+01,5.570880182914041256e+01
1.750280586355607682e+01,3.264259288113685642e+01
1.057892240324827782e+01,8.935464563946982253e+01
3.264885306132276810e+01,9.381324130425941377e+00
4.016549283244768276e+01,6.198602680155016920e+00
1.156253497563719712e+01,7.479867092710027521e+01
1.105978086593759535e+01,8.175361316953164703e+01
2.044714413028906463e+01,2.391854092645535701e+01
3.972160554187887271e+01,6.337915014279970727e+00
1.159223861283279078e+01,7.441583787343874690e+01
2.083897775971849242e+01,2.302752050382424898e+01
1.423258645048251481e+01,4.936650017298619986e+01
2.800264501531026440e+01,1.275269256508193116e+01
6.551832576249402962e+01,2.329562774850882256e+00
1.107507594259447004e+01,8.152795975747382329e+01
1.737955066150257011e+01,3.310723506452347920e+01
1.103269396088094467e+01,8.215554052667923202e+01
2.524304984710781952e+01,1.569337491676224694e+01
1.066982625274229868e+01,8.783857975167011034e+01
1.091295093585183551e+01,8.396834525400640814e+01
5.047484685200347343e+01,3.925093261559128521e+00
1.671669153462616109e+01,3.578486165827418830e+01
2.762294441210693208e+01,1.310569513260177565e+01
4.460809317006862074e+01,5.025423678014928619e+00
4.779726517734268043e+01,4.377174933681462043e+00
3.298822230013426804e+01,9.189294603366477077e+00
1.845458413733444658e+01,2.936239480272730518e+01
1.190240741801299329e+01,7.058791855647527314e+01
6.023991450133163283e+01,2.755696003632797986e+00
3.970139788489207433e+01,6.344368540544091495e+00
1.197475529691671170e+01,6.973755311343208518e+01
1.111767947372452170e+01,8.090431812534180267e+01
1.160479214791307712e+01,7.425492563275146551e+01
2.223820412639210886e+01,2.022090437115106099e+01
1.058135899997543561e+01,8.931349852982017978e+01
1.137942064730116876e+01,7.722531645495504904e+01
1.279796347653909194e+01,6.105458268728951765e+01
5.673414373898762619e+01,3.106783505211702323e+00
1.591071482943733884e+01,3.950213930884483915e+01
3.389763819798040601e+01,8.702842421447190446e+00
6.818803537635939449e+01,2.150718864392536123e+00
2.292132563058794759e+01,1.903358246346094518e+01
5.639321444091778801e+01,3.144461628231433270e+00
4.339736949771354801e+01,5.309739176481594214e+00
1.106812704617075127e+01,8.163036320614044428e+01
2.212836146692598405e+01,2.042215113803072768e+01
1.089658363039922229e+01,8.422078542570363879e+01
1.482061077755982659e+01,4.552687030573973459e+01
5.547737541983552489e+01,3.249138216031203008e+00
1.073942254144221131e+01,8.670380162703044391e+01
1.180401616745292159e+01,7.176958065320719982e+01
5.205546033054972810e+01,3.690348809432790755e+00
1.854102328240832520e+01,2.908925518300874913e+01
2.758300790028535943e+01,1.314367319895767494e+01
4.313252213507993105e+01,5.375146336576756667e+00
1.864363457912673638e+01,2.876993203418101075e+01
2.590926927421682535e+01,1.489668624491760696e+01
1.013985438267508066e+01,9.726051472526263808e+01
1.877535092043346410e+01,2.836768358573380411e+01
1.240043040142079178e+01,6.503190582922367469e+01
2.650200655707411102e+01,1.423778681279717695e+01
4.333920082032283005e+01,5.324001911896735884e+00
1.164121484935414585e+01,7.379099913730460969e+01
1.077407769481873601e+01,8.614692776374414507e+01
3.575203797757120583e+01,7.823451490182835144e+00
1.340276941118387377e+01,5.566867805482394260e+01
2.284218665165468920e+01,1.916569832987208599e+01
1.217810552682967362e+01,6.742803971699369470e+01
3.918230044884065677e+01,6.513585812562017630e+00
1.099812778679759440e+01,8.267276771285197867e+01
1.689016489336250970e+01,3.505356726875667306e+01
2.008513022924443447e+01,2.478852559754913187e+01
3.803246300948792680e+01,6.913390633620787540e+00
4.496942954670016945e+01,4.944988012794431675e+00
1.938573961462503448e+01,2.660941028276876352e+01
2.513129050839235390e+01,1.583326275692477303e+01
1.874679942301827396e+01,2.845415771906266755e+01
1.049433757122264943e+01,9.080085541545658145e+01
1.158050347472476815e+01,7.456673331719984787e+01
8.717429004032962325e+01,1.315900832824908662e+00
1.800681580507266943e+01,3.084083698299148679e+01
4.332714430007101214e+01,5.326965313650732448e+00
1.589197640851155846e+01,3.959534912601519352e+01
2.581625237647573101e+01,1.500422623817138046e+01
2.631844618133268909e+01,1.443708486421150283e+01
1.991503408505419515e+01,2.521377609687749555e+01
1.050074433819396980e+01,9.069008946674489380e+01
6.314606722190390542e+01,2.507883654154238418e+00
3.175719087078803682e+01,9.915527912208771610e+00
1.132614073648147190e+01,7.795358494940123251e+01
3.228995054688002853e+01,9.591029796917705852e+00
8.222940792218999206e+01,1.478923376273101775e+00
1.800283391168538927e+01,3.085448133548960570e+01
2.676506368147917314e+01,1.395929347984819557e+01
1.407591649652461463e+01,5.047154932157238960e+01
1.867200521363100663e+01,2.868257118296681796e+01
1.398599781980771795e+01,5.112261818353874787e+01
2.215382636876559985e+01,2.037522929449740161e+01
2.623013880864272451e+01,1.453445736443976521e+01
1.069844390947668877e+01,8.736928303806847396e+01
1.119762540918613780e+01,7.975320224535296632e+01
1.119483228871052916e+01,7.979300419787654164e+01
8.646427517384870498e+01,1.337601015121584025e+00
1.801939748849719081e+01,3.079778402511654534e+01
8.235234502833671399e+01,1.474511143641290101e+00
1.054943043300199257e+01,8.985494337781250351e+01
1.511256378487358631e+01,4.378483387119037928e+01
1.964989482446565816e+01,2.589879390542996873e+01
2.226939102936302817e+01,2.016430778038848359e+01
1.931391271419884959e+01,2.680769484832051930e+01
2.549989794022065226e+01,1.537882360225502154e+01
4.703784995875181352e+01,4.519652815676361790e+00
1.601422046805125987e+01,3.899315658101966875e+01
2.291398967985545454e+01,1.904577167856127318e+01
6.183557577308415887e+01,2.615310045644361203e+00
6.210024936347409863e+01,2.593064453775949740e+00
1.605817511502895556e+01,3.877998357432306165e+01
1.287118734234250361e+01,6.036188266902831856e+01
2.091283467484158365e+01,2.286515720516204198e+01
1.244333781380420945e+01,6.458418995647473082e+01
1.112252282616209520e+01,8.083387317026932806e+01
2.999404316695979134e+01,1.111552489459483795e+01
1.019048092091892421e+01,9.629653038995435566e+01
1.259318470843385107e+01,6.305635365655501090e+01
1.065143032129244105e+01,8.814225124329153971e+01
3.061951269252039864e+01,1.066604595936547284e+01
2.299813677727107830e+01,1.890665480260048881e+01
5.360663001898529956e+01,3.479869741051823340e+00
4.810150157087075939e+01,4.321979795835378724e+00
2.412868573250478832e+01,1.717642059960039447e+01
1.803921536186622987e+01,3.073015233400499113e+01
7.323770595761057223e+01,1.864363257419487274e+00
1.148017820931675992e+01,7.587570519579743689e+01
4.902774862401481926e+01,4.160218094366167740e+00
5.887326180296017952e+01,2.885119485464178624e+00
1.044847156360787643e+01,9.159978827421718961e+01
1.696282573692898765e+01,3.475390414896768476e+01
5.640114474429309865e+01,3.143577434065811360e+00
1.933259988528643802e+01,2.675589448360197053e+01
1.902229693652586207e+01,2.763593016796121660e+01
1.762057149782816268e+01,3.220772281575213469e+01
1.196630154771844978e+01,6.983612191964216720e+01
2.528402894160862857e+01,1.564254606011320270e+01
1.631601247339864003e+01,3.756400958431503767e+01
9.154283892622643748e+01,1.193304413042039824e+00
6.382074439223746509e+01,2.455140040381830424e+00
3.296188774738033089e+01,9.203983849044469423e+00
2.398994830434757830e+01,1.737566263594793270e+01
2.277545889886856045e+01,1.927816652899355887e+01
1.104144091637296121e+01,8.202542594788506847e+01
1.018711094269831463e+01,9.636025226132917965e+01
1.220166730883142847e+01,6.716788005273114948e+01
3.112866137418867041e+01,1.031998603875889309e+01
7.224017415373302242e+01,1.916207040127855921e+00
2.761758808984350466e+01,1.311077922131599038e+01
2.872912185841790489e+01,1.211588931356111054e+01
5.240515962416314721e+01,3.641261788586543258e+00
3.907791444329388497e+01,6.548430831014676379e+00
2.379003780926402101e+01,1.766890906018527474e+01
4.026385252116550362e+01,6.168354808202906270e+00
6.757491458050215272e+01,2.189923727928034580e+00
5.501658250243003323e+01,3.303792636392985482e+00
1.213455920036332358e+01,6.791285534374081578e+01
1.124528601483402035e+01,7.907860296985892035e+01
1.077176125212894497e+01,8.618398314832916185e+01
3.401823505801087322e+01,8.641247507321590859e+00
1.788458555491433444e+01,3.126383420061238283e+01
2.068271989785731435e+01,2.337678050891178927e+01
1.127213481615391011e+01,7.870234112095059231e+01
7.603218741711499717e+01,1.729836392846137771e+00
2.098458047165269491e+01,2.270907359459848607e+01
1.334954644696416892e+01,5.611345096624759776e+01
2.256321444224813888e+01,1.964255862635049965e+01
1.034994314121293968e+01,9.335209571245711402e+01
1.066255285368242056e+01,8.795845778801555070e+01
1.085596054630247487e+01,8.485227433252980234e+01
2.308246736776521146e+01,1.876875820838514386e+01
1.010694996269467971e+01,9.789483275840615306e+01
2.193529815444106035e+01,2.078322389268972259e+01
4.775048513378291659e+01,4.385755568411243033e+00
1.289395417005023070e+01,6.014890916054235959e+01
2.571678265880909109e+01,1.512052013977684517e+01
2.751875078933748497e+01,1.320512660771703572e+01
1.128464402002282796e+01,7.852795228609075195e+01
5.532344922533984288e+01,3.267243494688445438e+00
2.946544962291850922e+01,1.151791462228849383e+01
1.221785906250162235e+01,6.698996915804234220e+01
5.375310138912985991e+01,3.460931044106628107e+00
4.170373628792803089e+01,5.749764652274804710e+00
1.783859693882729403e+01,3.142524081809048297e+01
1.465670624065015915e+01,4.655080900306301572e+01
1.165226770819407598e+01,7.365107535686516371e+01
3.650882085891116446e+01,7.502472061685506510e+00
1.615290514865280969e+01,3.832646057460371480e+01
1.017800080395105233e+01,9.653282999259091923e+01
1.971610743527978826e+01,2.572513413862608900e+01
1.349770540704090571e+01,5.488834163986490466e+01
2.242657155944363723e+01,1.988264816038942229e+01
2.303232229338257397e+01,1.885057239053382361e+01
1.970812777671526561e+01,2.574597014567062558e+01
1.091459650547539084e+01,8.394302771854023604e+01
8.128690846301725514e+01,1.513417622969629006e+00
1.067066937910904656e+01,8.782469944217012880e+01
8.484884132196393125e+01,1.389018940864899188e+00
1.611483301676911495e+01,3.850777101607415887e+01
1.553327720389208011e+01,4.144515943861884466e+01
2.775003130901135506e+01,1.298592962906901604e+01
2.660781541702151642e+01,1.412477575804559571e+01
3.268380759824940895e+01,9.361268664819162311e+00
5.061205525645949876e+01,3.903840389161935764e+00
1.730270277878939211e+01,3.340197177428330377e+01
1.620454752939459908e+01,3.808256412614932174e+01
1.226945459260327098e+01,6.642774113876578213e+01
1.641264707556876701e+01,3.712297203882579311e+01
9.895836190442690850e+01,1.021162845245916717e+00
1.091852816852911268e+01,8.388258435581354888e+01
2.151504170801631943e+01,2.160307708727743048e+01
9.266966681541887851e+01,1.164460595413351340e+00
1.561109544541558947e+01,4.103299733624415779e+01
1.895134574669981120e+01,2.784324764696079768e+01
8.790220147552626884e+01,1.294197319875682650e+00
1.401814642951599943e+01,5.088840226669705658e+01
3.656014473468067649e+01,7.481422600740405215e+00
1.351351947647914642e+01,5.475995167329627833e+01
1.310438331577073789e+01,5.823268616139059617e+01
1.903547731728520986e+01,2.759767255350342197e+01
1.536329860182935114e+01,4.236732622231634338e+01
2.588164668300511551e+01,1.492850065468277521e+01
1.909844082569603074e+01,2.741600516210160876e+01
1.037802462935734660e+01,9.284758368786516769e+01
1.071849670274135313e+01,8.704267766635631176e+01
2.054925790609986436e+01,2.368141858414189471e+01
1.097206460077938672e+01,8.306599815252116059e+01
1.929667026536800378e+01,2.685562403114764862e+01
2.554760437867183143e+01,1.532144179214541957e+01
1.411489897611788180e+01,5.019314999063340821e+01
1.259401381222409455e+01,6.304805153116313932e+01
1.190774683040553938e+01,7.052462975595324224e+01
1.289798107961385831e+01,6.011135655368009623e+01
7.724674445839730197e+01,1.675867309634572422e+00
2.202042169838457042e+01,2.062285255710258625e+01
2.209958643611280493e+01,2.047536757328300183e+01
1.001902955106834803e+01,9.962049260019492181e+01
1.364981969649115179e+01,5.367180123817470871e+01
5.137492211674467768e+01,3.788764809901679076e+00
1.546996914257023192e+01,4.178506721882842356e+01
2.974171830277933282e+01,1.130493027691120211e+01
1.979134569494555507e+01,2.552991392956658245e+01
2.776208362242622130e+01,1.297465695060847324e+01
2.860236294764839116e+01,1.222351679033101313e+01
2.275895448474134497e+01,1.930613707674133650e+01
2.671434758202264703e+01,1.401234609000500164e+01
6.754824071242757100e+01,2.191653610731350899e+00
1.213691712105545584e+01,6.788647013072356629e+01
4.120083838550724664e+01,5.890984676434142031e+00
5.493794283311030568e+01,3.313257683534442055e+00
1.127915928259576184e+01,7.860434271698780151e+01
2.242960457988622025e+01,1.987727130224619998e+01
1.965038021325794304e+01,2.589751445649315187e+01
1.586947987440412611e+01,3.970768922756639085e+01
9.609483071613237826e+01,1.082928910150321888e+00
1.618273898033385194e+01,3.818527666385766395e+01
6.793911932083703675e+01,2.166507387095172987e+00
5.680489119105108387e+01,3.099049659066075435e+00
4.511282082985336217e+01,4.913602642725416025e+00
2.772765384831483004e+01,1.300689854276910751e+01
2.063474278751406032e+01,2.348561193250245793e+01
1.048284010888678175e+01,9.100014337880512016e+01
1.095806008478105831e+01,8.327845226306230586e+01
2.205974794462581201e+01,2.054938875582643476e+01
1.257966387702804489e+01,6.319197453096126793e+01
1.232985210678773136e+01,6.577854536856123957e+01
1.253171558026256349e+01,6.367646431279815289e+01
1.491316797536576821e+01,4.496350735769058815e+01
1.904831280583957920e+01,2.756049233003651366e+01
1.012077929947678712e+01,9.762748266196778957e+01
9.190862873488826779e+01,1.183824781320109265e+00
1.770233476892746793e+01,3.191088884074958187e+01
1.906652107755458303e+01,2.750787766468076967e+01
1.027790878876764324e+01,9.466522720001897540e+01
1.658375722387357598e+01,3.636085923222398719e+01
3.183299502046115848e+01,9.868360297558140815e+00
1.816822032198083292e+01,3.029529768828068015e+01
6.002924522725398049e+01,2.775071864901974550e+00
3.579438645238654715e+01,7.804950530483576898e+00
1.310753650102427770e+01,5.820467229907819728e+01
2.313897677886857096e+01,1.867719699678488965e+01
2.437115228646532827e+01,1.683634719640227573e+01
1.581898431574674291e+01,3.996159454481861673e+01
1.013985691347041396e+01,9.726046617498660396e+01
1.039052601152012834e+01,9.262429857946727907e+01
4.968692379834018880e+01,4.050566631337597201e+00
5.205320889733733480e+01,3.690668050214841234e+00
2.505605186368765658e+01,1.592849418628966340e+01
1.608451289509643445e+01,3.865308604865656150e+01
5.558712055046785139e+01,3.236321394399735318e+00
2.987809367418248385e+01,1.120196550363762356e+01
2.523364653647497136e+01,1.570507335875354116e+01
6.730841670493087747e+01,2.207299426517733476e+00
1.464476070329821944e+01,4.662678173218475308e+01
2.268886678768548393e+01,1.942559766071213545e+01
1.086614149750880820e+01,8.469334539471087453e+01
1.376630043537894998e+01,5.276737782794261733e+01
4.276974596476062374e+01,5.466717837660575618e+00
5.426818131079919283e+01,3.395544804317081500e+00
2.003089813042986833e+01,2.492293331111966026e+01
1.007018066159783132e+01,9.861102568160549708e+01
1.626458361709945777e+01,3.780194108059986036e+01
2.592375991325021545e+01,1.488003725777887887e+01
1.997376244694663328e+01,2.506572318550456302e+01
1.463383496015351071e+01,4.669643161076221105e+01
6.169345003113244275e+01,2.627373920629514359e+00
1.737516706586081128e+01,3.312394247667264580e+01
4.854785092636152655e+01,4.242872493680370560e+00
1.754037030271535258e+01,3.250292790735731785e+01
7.017426397908553781e+01,2.030692980119681135e+00
2.306139643714797671e+01,1.880307147069022022e+01
3.259421020236896283e+01,9.412805308419356365e+00
4.215140163616222679e+01,5.628283421285519061e+00
7.130667568341756635e+01,1.966706801749385836e+00
1.581665215287316606e+01,3.997338007530927229e+01
1.371117806885912316e+01,5.319250679968865825e+01
6.071109338516333764e+01,2.713088066502283624e+00
2.074329020024116588e+01,2.324045966649275741e+01
1.919612252145583042e+01,2.713769602869499309e+01
2.793728195463334174e+01,1.281243568016353862e+01
1.267275766078378041e+01,6.226697102561062991e+01
1.088642815982312406e+01,8.437799045795456720e+01
4.362535865980270700e+01,5.254386061705181632e+00
1.031087569094832368e+01,9.406084978536713948e+01
2.158906500267679718e+01,2.145518838173596521e+01
2.918059005936658323e+01,1.174388692459170791e+01
4.784698383191577165e+01,4.368082858865652618e+00
6.888213086168929067e+01,2.107593512040189854e+00
2.175857464727912571e+01,2.112219828689926970e+01
4.909898043714789395e+01,4.148155729189237917e+00
1.063328052230738763e+01,8.844340561355488717e+01
2.245275003524973556e+01,1.983631138742426359e+01
1.820381298490398692e+01,3.017694488315821744e+01
4.461891593318122773e+01,5.022986040408694564e+00
5.255423773366454299e+01,3.620633099691263457e+00
2.020934325979157720e+01,2.448474576513695666e+01
1.333738236427134183e+01,5.621585185727243328e+01
1.797882328049269773e+01,3.093694838592745100e+01
2.265807069280485209e+01,1.947843879671741973e+01
1.160186223389925786e+01,7.429243478671315870e+01
1.723900999782347654e+01,3.364924753224521936e+01
2.259764018912670736e+01,1.958275639309185934e+01
1.562136606086349744e+01,4.097905895543430432e+01
1.747512221682574918e+01,3.274609794174622124e+01
5.926462800162126143e+01,2.847140338881430477e+00
1.299680252548546910e+01,5.920071601798583316e+01
8.019640998181847635e+01,1.554855897428446321e+00
1.731866238933535485e+01,3.334043851910062983e+01
1.961449306512234614e+01,2.599236657934069683e+01
5.578486454232916003e+01,3.213418090476954703e+00
2.040307779523114817e+01,2.402197048354305053e+01
2.094444936008076041e+01,2.279618149112571146e+01
1.840046177110125569e+01,2.953537953031654339e+01
1.720479813002636860e+01,3.378320413990351767e+01
5.416292177294765509e+01,3.408755346199365377e+00
1.458430707606471444e+01,4.701412959933227143e+01
1.877749400422502291e+01,2.836120872240631385e+01
2.609515580449169647e+01,1.468521169815648797e+01
5.932781656035621154e+01,2.841078734126120331e+00
1.674294010282636336e+01,3.567274692978826067e+01
2.117938521085624970e+01,2.229324563392700398e+01
4.226165220518771548e+01,5.598956027713374972e+00
6.398316050766786134e+01,2.442691508545020262e+00
1.049179823832425207e+01,9.084481384794214875e+01
2.221526379289037934e+01,2.026268769648088508e+01
1.281924355918582492e+01,6.085204839922580788e+01
1.996456825428898796e+01,2.508881531064119486e+01
3.234889195756992564e+01,9.556110899819959315e+00
4.162589522229267658e+01,5.771289055997176121e+00
1.052555289647054160e+01,9.026308313005075945e+01
1.291122289769329434e+01,5.998811873619541046e+01
1.696268586163407477e+01,3.475447731676372598e+01
1.756082887991281183e+01,3.242723941691719602e+01
2.048882559887104549e+01,2.382132248667606333e+01
1.319329441748687337e+01,5.745045753346825990e+01
1.793655684021321761e+01,3.108292236833558064e+01
9.075651498738876910e+01,1.214071818981230733e+00
2.665258416814350539e+01,1.407736440882537643e+01
2.599427800974824265e+01,1.479941269881654264e+01
1.507478357206725761e+01,4.400457476502982246e+01
8.352694531122504884e+01,1.433332017056533347e+00
1.837636013538595847e+01,2.961290497815303979e+01
1.336968689514674224e+01,5.594451674714461831e+01
1.321964098284224143e+01,5.722168975955334247e+01
1.288683563764966600e+01,6.021537857619575362e+01
1.974515495576581259e+01,2.564950022095595727e+01
8.468025701179017517e+01,1.394555057589505820e+00
1.438306323041886436e+01,4.833895089291566904e+01
1.127229396449370746e+01,7.870011881224445460e+01
1.932331544345896646e+01,2.678161193621128433e+01
3.390008463254562798e+01,8.701586367575634640e+00
1.013288824124125931e+01,9.739428969230989708e+01
2.247351601893292283e+01,1.979967001748369881e+01
1.933742695360431441e+01,2.674253837255772126e+01
2.127363345729046173e+01,2.209615235611063966e+01
2.327030573211633424e+01,1.846697756489093578e+01
1.050172077981438790e+01,9.067322566643048276e+01
1.417835887005303874e+01,4.974484371146427719e+01
1.706978802426065656e+01,3.431972063476151646e+01
4.614588180904866732e+01,4.696065018118445344e+00
4.907850855863702577e+01,4.151617050809296217e+00
1.481013088674384370e+01,4.559132421791815659e+01
9.328364039958621845e+01,1.149182563329285589e+00
1.066455266613265707e+01,8.792547301460629683e+01
1.418451711453081643e+01,4.970165938488262469e+01
2.184203046902970868e+01,2.096109579701820635e+01
4.854514379690381531e+01,4.243345716106929899e+00
2.296679359826988787e+01,1.895829449059876737e+01
3.375184922269406229e+01,8.778187548433077581e+00
4.004731938333783603e+01,6.235238891114609494e+00
1.010653269015430489e+01,9.790291657311851736e+01
4.081208252544382020e+01,6.003748452124345825e+00
1.575784549794250644e+01,4.027228985396855876e+01
3.593216612285826983e+01,7.745210085056369209e+00
1.953718217166155924e+01,2.619848319986406082e+01
3.008027794395182397e+01,1.105188380564276152e+01
1.280856613890551543e+01,6.095354511736384495e+01
6.598464747787502915e+01,2.296752503033336446e+00
1.659697054393608795e+01,3.630298645110558198e+01
4.478512313487804875e+01,4.985772464565254580e+00
1.751496843334100006e+01,3.259727393365354686e+01
1.680036848231193147e+01,3.542928481084511816e+01
1.837769079127336624e+01,2.960861682680314289e+01
4.652292932502214740e+01,4.620254463854003291e+00
1.983662443657826913e+01,2.541349865030558419e+01
1.229987861636175239e+01,6.609952656944423666e+01
1.000848671711526805e+01,9.983048148655576881e+01
7.539235439160405861e+01,1.759322221598254687e+00
2.165461430291640710e+01,2.132549371297269403e+01
7.210246295023196694e+01,1.923533701854631683e+00
7.734094532273907419e+01,1.671787400677060775e+00
2.588365728876236105e+01,1.492618149528003357e+01
4.917881138424809251e+01,4.134699428972930413e+00
1.795155251501306637e+01,3.103101435480416015e+01
1.465398824473430572e+01,4.656807892855297126e+01
2.333006249363510065e+01,1.837249744866915080e+01
2.168818565040547952e+01,2.125952494293574802e+01
1.020813586929275907e+01,9.596372915652868585e+01
9.036151659178699447e+01,1.224709191707471501e+00
1.334401565271552137e+01,5.615997613182071291e+01
6.838421297927096987e+01,2.138396790154341254e+00
1.011765015381820909e+01,9.768787966113877985e+01
1.558906702676568301e+01,4.114904413659353821e+01
7.846010228304335499e+01,1.624434707819550239e+00
7.516531460145991161e+01,1.769966477034665031e+00
1.863574292687017220e+01,2.879430351994295734e+01
5.859820920591677407e+01,2.912267825058456161e+00
1.940042577234241961e+01,2.656913878704044762e+01
1.668530184973958796e+01,3.591963082671295382e+01
1.763740209613650123e+01,3.214628331316735910e+01
5.687871066732874681e+01,3.091010736716588880e+00
1.984820087863467108e+01,2.538386250332485616e+01
1.407925725009755702e+01,5.044760018827342662e+01
9.324840913159997058e+01,1.150051099483275108e+00
1.213385191347135184e+01,6.792077290737681494e+01
4.693728003206355481e+01,4.539041587764289787e+00
1.625977317334000816e+01,3.782431175070219354e+01
1.136728285887203604e+01,7.739032422406111777e+01
5.889167683870331160e+01,2.883315452206284490e+00
2.206252346350735749e+01,2.054421875530440644e+01
2.430143728100029321e+01,1.693308465447121236e+01
6.884963865182371023e+01,2.109583254644986194e+00
2.060066541068751889e+01,2.356337543950073155e+01
1.894237863128359933e+01,2.786961526598652839e+01
3.001154498562448936e+01,1.110256420392019905e+01
1.713447972260955865e+01,3.406105975498321925e+01
1.755255517894883255e+01,3.245781690397025443e+01
1.527852498921722280e+01,4.283878475257377971e+01
1.164512119389201672e+01,7.374150120344535253e+01
2.582525477049989604e+01,1.499376745159280766e+01
1.102559028067091518e+01,8.226143865613420303e+01
1.433608717608338878e+01,4.865626112631103695e+01
1.060557074084284501e+01,8.890617166462847365e+01
1.005791898307240650e+01,9.885160700493028685e+01
1.859289550397558344e+01,2.892716967892152624e+01
1.062284508308690789e+01,8.861725717746270448e+01
3.389442921640780781e+01,8.704490396269184416e+00
4.702541945429690173e+01,4.522042544062111702e+00
1.415806614117047779e+01,4.988754428147440478e+01
1.344790325481718085e+01,5.529563475309946341e+01
1.418735103939626541e+01,4.968180554458278664e+01
1.077138960568974291e+01,8.618993048181029337e+01
1.048297715049110224e+01,9.099776414551116943e+01
2.133622299005568124e+01,2.196670494978388888e+01
3.162082743163081844e+01,1.000123287737016220e+01
1.592658099841876407e+01,3.942347390886585856e+01
2.180218401727124444e+01,2.103778431002551130e+01
1.273754364206938838e+01,6.163517451073711584e+01
1.051539859603664340e+01,9.043749420876888223e+01
1.914008789961642876e+01,2.729682554521471261e+01
1.277224076327396141e+01,6.130075264296750959e+01
3.277695506184317509e+01,9.308137468775576906e+00
1.331072144272389401e+01,5.644127426004440196e+01
3.345840189757608840e+01,8.932841186766237840e+00
1.723391929217024199e+01,3.366912968575265097e+01
4.221946540760685451e+01,5.610150865542511411e+00
2.055396143286485255e+01,2.367058140885449902e+01
2.083499304155995446e+01,2.303632942959132279e+01
3.565913787117745670e+01,7.864268305037439788e+00
1.004398813410084834e+01,9.912600832598707257e+01
1.338382476771157492e+01,5.582638628545723236e+01
1.228083484481367726e+01,6.630468530525273252e+01
4.368386411152246041e+01,5.240321171601693528e+00
4.765706775150085406e+01,4.402966335943947485e+00
1.081497035450493449e+01,8.549669630305682233e+01
1.743329430649983181e+01,3.290342265546780709e+01
2.206240054303235709e+01,2.054444767981857112e+01
9.943978513831254418e+01,1.011299157672127524e+00
1.035112619338599593e+01,9.333075811374659736e+01
1.337045756180209821e+01,5.593806770366855119e+01
1.622091352628322269e+01,3.800575652734859489e+01
1.768522731784631929e+01,3.197265542134991634e+01
1.008653593175586138e+01,9.829149033376505429e+01
1.460785971367107550e+01,4.686264757409794868e+01
1.064697765849953193e+01,8.821599043989156996e+01
2.142435529062372623e+01,2.178634999837317210e+01
2.676962498404077806e+01,1.395453680981409406e+01
1.794320880594425915e+01,3.105988031261354365e+01
1.560250557008979477e+01,4.107819076425454341e+01
1.841030243464648564e+01,2.950381350306128070e+01
1.558060813956283575e+01,4.119373682210171950e+01
5.028602774820060262e+01,3.954625283289575410e+00
1.771229021606223242e+01,3.187502697504102755e+01
5.212956845749023671e+01,3.679863764144032157e+00
3.095032980507002662e+01,1.043925335010408872e+01
1.945382553013653393e+01,2.642347711994584003e+01
7.359428791979973994e+01,1.846340452287566380e+00
1.017267151877038245e+01,9.663400021819509789e+01
1.111263003457613152e+01,8.097785863617345115e+01
3.470707303434953417e+01,8.301642376607954787e+00
1.758511666973394938e+01,3.233772712073378841e+01
4.857326775470988878e+01,4.238433338063981815e+00
1.857591777499375141e+01,2.898007065372271640e+01
1.492406202796432524e+01,4.489788768498228677e+01
4.253657819879852298e+01,5.526814630728451583e+00
1.089882166761950799e+01,8.418620005392163819e+01
1.320934060781154962e+01,5.731096517229041609e+01
1.428516765733747285e+01,4.900375008590341963e+01
3.006028884096254927e+01,1.106658697074770714e+01
1.159012600133363158e+01,7.444296891288104234e+01
1.187330598484800603e+01,7.093436410873609077e+01
1.786935858227687746e+01,3.131713845044230027e+01
1.900284943490954248e+01,2.769252429204852817e+01
5.692777122523806810e+01,3.085685344095584703e+00
7.374194113324423938e+01,1.838954013427817280e+00
1.920977489462054422e+01,2.709913625377275892e+01
1.336428733891878906e+01,5.598973226515391843e+01
4.933129528238401207e+01,4.109178076728815299e+00
1.278732249976186353e+01,6.115623816871863738e+01
1.461325953736232464e+01,4.682802103769482471e+01
3.478469713557718279e+01,8.264632509366371949e+00
3.994135992821404102e+01,6.268365398118223908e+00
1.741396848419298138e+01,3.297649486177493117e+01
1.644336373031334730e+01,3.698440811916768212e+01
1.362452864824587628e+01,5.387124681566017159e+01
2.268439130694651240e+01,1.943326350135397362e+01
1.717424384994199116e+01,3.390351682330874894e+01
1.100651008113993434e+01,8.254689246508843326e+01
1.911642520727785666e+01,2.736444447938039204e+01
2.034408918377496889e+01,2.416147803596197363e+01
3.197233548691677285e+01,9.782532000184877674e+00
1.491474970484707896e+01,4.495397098123289226e+01
1.792043325763629369e+01,3.113888011408169376e+01
1.227192587564312376e+01,6.640098980038274590e+01
2.117223430968104481e+01,2.230830722029556767e+01
4.880975370355460541e+01,4.197461946823476175e+00
3.819545655374782456e+01,6.854512754672830610e+00
3.082562467442364706e+01,1.052388824341445606e+01
1.174777423218265504e+01,7.245841280373630866e+01
5.116750026515350669e+01,3.819544718470606615e+00
1.675629804547008206e+01,3.561589373106977519e+01
1.300985041599995817e+01,5.908202793399231467e+01
3.904557599684976310e+01,6.559282445779647475e+00
5.814523743628195263e+01,2.957819742528791984e+00
1.464989297675757918e+01,4.659411808368949437e+01
1.095259253407655642e+01,8.336161847406219749e+01
1.512772589797326539e+01,4.369710913082305836e+01
4.597767067590042700e+01,4.730489355075766511e+00
1.855442322425149371e+01,2.904725403116157167e+01
1.958844587340612264e+01,2.606153779277124727e+01
1.012621856122401276e+01,9.752263033025305106e+01
2.001029906445943141e+01,2.497427221346647741e+01
2.190538909235721121e+01,2.084001641019417050e+01
6.885072023062410551e+01,2.109516976105074271e+00
3.201216630096589455e+01,9.758203511903973393e+00
9.772628393068671926e+01,1.047073649094228953e+00
1.477011863741930497e+01,4.583867257993768618e+01
1.751125008828455165e+01,3.261111883683741297e+01
1.126563028830390323e+01,7.879324936890844810e+01
1.003257050485630231e+01,9.935175865147458296e+01
1.009168989545950446e+01,9.819111836090539214e+01
1.935453381453777766e+01,2.669528549497576364e+01
3.732163048579985087e+01,7.179245135964607449e+00
3.163233716900247572e+01,9.993956107338380690e+00
1.560468572651868868e+01,4.106671336225087998e+01
1.897924807315861173e+01,2.776144036888528888e+01
2.399618170457469191e+01,1.736663658395527676e+01
1.088303209385935588e+01,8.443065922318247374e+01
1.859233426763684349e+01,2.892891612168713777e+01
2.179381624538013895e+01,2.105394239574341597e+01
1.155974177016653393e+01,7.483482282441011080e+01
1.372925717081024644e+01,5.305250802749048233e+01
1.489525470689637565e+01,4.507172003534452642e+01
3.946014499438030043e+01,6.422182555675855831e+00
1.076559515663339184e+01,8.628273678898850108e+01
1.091407937800632411e+01,8.395098263115686166e+01
4.148450811527090565e+01,5.810695399144941931e+00
6.019632927563251457e+01,2.759687978418011944e+00
1.267353250299542999e+01,6.225935742574792187e+01
1.038127765259904578e+01,9.278940433159243639e+01
3.265054178456256295e+01,9.380353729965905885e+00
1.121791401548469480e+01,7.946498144130980279e+01
1.256944310667305054e+01,6.329478469486142700e+01
1.063700836601910105e+01,8.838142476174766671e+01
1.770162769157724725e+01,3.191343820149286614e+01
2.280590308988758963e+01,1.922673103507590397e+01
7.432211393886440476e+01,1.810355611263238851e+00
2.356532404577298578e+01,1.800748939969054163e+01
1.363718828143932882e+01,5.377127405606405119e+01
1.959071169550494673e+01,2.605550969187023114e+01
3.587234962550984818e+01,7.771061617411540112e+00
1.759638992333101370e+01,3.229630559916753896e+01
3.824690696109055921e+01,6.836083538082864841e+00
1.407527535001051433e+01,5.047614751153538037e+01
1.884673835022723765e+01,2.815318910221346371e+01
9.225735892893636958e+01,1.174892047988737920e+00
2.268076202866320301e+01,1.943948325393212073e+01
1.355325066413817403e+01,5.443936600961473715e+01
2.245965691042800572e+01,1.982411299446901864e+01
4.670617992045129796e+01,4.584070667657964115e+00
1.240012743062550271e+01,6.503508370123120130e+01
7.797117275070839071e+01,1.644871088442892981e+00
1.195401936192992665e+01,6.997970222377362859e+01
1.096847560432805935e+01,8.312036712007500228e+01
1.710450918292021782e+01,3.418052798182220187e+01
1.966965262788415814e+01,2.584679031490594880e+01
1.979884986793346968e+01,2.551056486785697075e+01
1.134984012286255073e+01,7.762837802232340323e+01
3.921995287331957769e+01,6.501085309381235966e+00
1.293587912037616228e+01,5.975965790852175274e+01
1.766157363582371076e+01,3.205835304573228228e+01
1.604508469231073775e+01,3.884328688122603523e+01
1.420217406202459287e+01,4.957815236997814878e+01
9.859627666401186730e+01,1.028676859742975847e+00
1.502774546994223925e+01,4.428048190666815032e+01
2.587332096658319003e+01,1.493810981624243972e+01
1.144328787297368599e+01,7.636570284125201624e+01
1.626600419064003589e+01,3.779533858723788597e+01
1.093624738203139657e+01,8.361098674650932594e+01
1.012112921100190199e+01,9.762073234979885683e+01
2.365180980722975690e+01,1.787603696130712905e+01
1.006713512276951228e+01,9.867069889177879816e+01
2.982509112341499957e+01,1.124181519314030275e+01
9.873738551893031001e+01,1.025738728663204924e+00
1.560383393648112538e+01,4.107119702597337607e+01
1.386401941507634916e+01,5.202614945730504559e+01
1.755141223874718648e+01,3.246204431896955356e+01
1.962791509497427356e+01,2.595683035090291568e+01
1.058103996238791744e+01,8.931888453966107022e+01
5.505764581945337710e+01,3.298866378054249981e+00
1.390929615494813554e+01,5.168799567235677017e+01
2.002590796554381924e+01,2.493535572336896067e+01
1.490101191975589856e+01,4.503689859378221172e+01
7.921517841193221443e+01,1.593614199007937993e+00
1.027979233023541816e+01,9.463053981724263508e+01
3.071857477185612240e+01,1.059736458193743580e+01
1.746881003698845092e+01,3.276976716742279905e+01
9.206563170427268972e+01,1.179790582628681861e+00
2.105887249834302466e+01,2.254912892528230728e+01
1.142583534874674633e+01,7.659917236343039804e+01
2.628564566164116201e+01,1.447313795175108098e+01
4.230151697252738785e+01,5.588408136125140757e+00
4.643275952090623804e+01,4.638216435460585707e+00
1.040436494575140181e+01,9.237806171598694505e+01
1.059887068243673802e+01,8.901861096851953903e+01
1.738558849004828133e+01,3.308424348178579777e+01
8.880785691154324013e+01,1.267935671332859560e+00
1.633245995221259861e+01,3.748839058246375089e+01
1.267329338848234599e+01,6.226170681606367197e+01
1.999568321908436985e+01,2.501079544728188964e+01
1.603455825866743467e+01,3.889430362734263724e+01
9.671314552051914859e+01,1.069126225306930023e+00
1.154733137837884627e+01,7.499576538542916637e+01
4.051334358420402992e+01,6.092616266307065764e+00
2.748487218623853678e+01,1.323770066963582970e+01
1.702916210920939832e+01,3.448366683227513363e+01
1.045909394894138700e+01,9.141382299794153710e+01
3.237886899938923335e+01,9.538424591574075961e+00
3.245402028682709528e+01,9.494300940104675846e+00
6.647330596699613636e+01,2.263108851192926263e+00
2.129177059660991134e+01,2.205852370515679794e+01
9.949369571159454040e+01,1.010203511435872281e+00
1.714270164550713460e+01,3.402839509625864167e+01
1.406829971115714351e+01,5.052621620165629679e+01
3.763178735370129147e+01,7.061391785346929240e+00
1.304072459390288330e+01,5.880260331755342662e+01
1.209588173853426873e+01,6.834786230797810447e+01
1.014530732950502845e+01,9.715599075787223171e+01
8.185900804852309420e+01,1.492337474145655651e+00
6.580693089274049612e+01,2.309174360564452577e+00
1.113120544347939855e+01,8.070781748645299558e+01
2.137002123326048775e+01,2.189727601287246372e+01
1.319499750107599745e+01,5.743562818361930766e+01
6.913744115070016960e+01,2.092056437726860008e+00
1.494239866291270680e+01,4.478776198811477371e+01
2.818222844813504580e+01,1.259068439962156205e+01
2.137492584079474156e+01,2.188722823781113291e+01
1.851295371249204891e+01,2.917753303493018535e+01
1.277747486374639152e+01,6.125054106591962721e+01
1.665209007891958137e+01,3.606305356653053451e+01
1.282952665642454448e+01,6.075453946165644226e+01
1.050612707789310818e+01,9.059718442413071671e+01
1.506494401058920296e+01,4.406207608985245372e+01
1.990394476235698562e+01,2.524187922842941845e+01
2.525377357110926724e+01,1.568004972484363790e+01
1.878336478071904025e+01,2.834348279319774022e+01
1.782626134039992749e+01,3.146874778441619469e+01
1.540829373193069785e+01,4.212024630856657836e+01
1.683382988372965983e+01,3.528857586006265734e+01
5.476971684236291082e+01,3.333642380880891487e+00
2.463951069527546878e+01,1.647160206775694746e+01
4.001438743153697430e+01,6.245506352241864789e+00
1.458915870725337527e+01,4.698286565937997494e+01
1.059962410382391340e+01,8.900595653076067038e+01
5.216560075892272863e+01,3.674781941441156441e+00
2.290104978388896484e+01,1.906730081656841591e+01
1.244109895324892001e+01,6.460743677837683663e+01
1.059802656350061412e+01,8.903279196480757207e+01
1.915978216709700988e+01,2.724073777917387673e+01
1.197892835195632522e+01,6.968897314895188799e+01
1.277313864410432132e+01,6.129213473977428350e+01
3.190888954188331184e+01,9.821472812114992124e+00
1.391297108622411294e+01,5.166069384813577159e+01
3.464261691209350857e+01,8.332563220355547529e+00
3.536975502380926173e+01,7.993480067181246262e+00
1.689343654602367550e+01,3.503999134637702184e+01
1.291085417369086130e+01,5.999154521360626546e+01
4.566962461896259384e+01,4.794519795974467868e+00
1.673525796624930351e+01,3.570550481290461420e+01
8.593181279287942687e+01,1.354228822266723808e+00
1.354385435122508063e+01,5.451492895444028619e+01
2.876314625543341208e+01,1.208724209922066350e+01
1.324348801287425914e+01,5.701580158396610898e+01
3.153810425532943285e+01,1.005376734649233228e+01
2.686897988288616901e+01,1.385152670521011764e+01
1.024587602851965151e+01,9.525807621671953029e+01
3.760513778162624021e+01,7.071403701810173636e+00
1.837379395904419255e+01,2.962117732985601393e+01
2.012603545155652540e+01,2.468786496627221538e+01
1.359755507844218769e+01,5.408518837947924141e+01
1.339003076113542967e+01,5.577464960100036251e+01
2.223072534036422709e+01,2.023451195727735552e+01
4.281311692380710809e+01,5.455647552690215285e+00
1.887676516173097951e+01,2.806369514963034817e+01
3.245035107333947622e+01,9.496448133304678407e+00
1.066343702548911310e+01,8.794387202844525575e+01
1.027199821024319704e+01,9.477420059060500535e+01
4.345286070244359422e+01,5.296186297227314377e+00
6.636240346100709075e+01,2.270679226827116981e+00
1.493797041759811250e+01,4.481431989236833857e+01
1.170382377833133702e+01,7.300362940829435843e+01
3.237178936505178228e+01,9.542597109915320175e+00
1.667527879115080225e+01,3.596282443915962546e+01
2.347439404363333182e+01,1.814726658749455979e+01
7.204430531023415085e+01,1.926640493786934583e+00
2.100817328353941704e+01,2.265809628678828247e+01
1.683365593182740128e+01,3.528930517835692626e+01
2.444754755176252914e+01,1.673128900347310832e+01
1.140420837748550653e+01,7.688997359091882799e+01
1.215500918510431738e+01,6.768452996135250999e+01
3.262216645532494397e+01,9.396679217467998058e+00
1.573729164875842024e+01,4.037755461444361060e+01
1.569094779178104737e+01,4.061642036687129576e+01
2.334689859009747082e+01,1.834600916731747944e+01
1.342446852348693831e+01,5.548885944528984027e+01
1.887235389208216674e+01,2.807681603487921151e+01
1.792686190162016047e+01,3.111655106590838571e+01
5.131911492216320170e+01,3.797009507852769694e+00
1.954452283262241963e+01,2.617880729688191721e+01
1.741576177829392336e+01,3.296970405815412164e+01
2.922750110959887593e+01,1.170621856922724646e+01
4.330369292692833483e+01,5.332736575623439279e+00
5.171484036883521895e+01,3.739121892739568853e+00
3.426071084288413715e+01,8.519365699523783420e+00
1.417703783377829829e+01,4.975411473203862300e+01
1.232344056002376576e+01,6.584700870525247751e+01
3.475716262362333708e+01,8.277732126402190360e+00
2.556757295548490916e+01,1.529751868348098576e+01
3.939918993678399772e+01,6.442069630938547675e+00
1.928513161862117542e+01,2.688777006651776702e+01
1.111138283863799359e+01,8.099603835798443185e+01
1.495326055278368926e+01,4.472271890942234762e+01
2.039686468502738492e+01,2.403660742740722611e+01
1.204917442824375229e+01,6.887877539580418329e+01
1.450245057634161405e+01,4.754635315762930503e+01
1.137583313454400979e+01,7.727403209446677579e+01
2.946197268910955103e+01,1.152063333975132231e+01
6.041374171303409213e+01,2.739861002881924357e+00
7.000812151386496396e+01,2.040342851272495039e+00
1.230145886607006922e+01,6.608254532362042255e+01
1.486203381668075707e+01,4.527344157002930558e+01
1.007277199125482703e+01,9.856029469987082337e+01
1.284289754627831037e+01,6.062810080046612171e+01
1.293077249325083500e+01,5.980686785661059446e+01
2.908046865156445904e+01,1.182489240061971181e+01
1.761630575815279798e+01,3.222332272611129866e+01
1.664961700951864998e+01,3.607376769382027248e+01
1.227368474332868509e+01,6.638196011379446304e+01
1.836213932645185309e+01,2.965879097509936457e+01
2.441533865474152165e+01,1.677546220378957642e+01
2.010332294190860125e+01,2.474368062643488742e+01
1.876673401463953894e+01,2.839374009355173101e+01
1.088580700751617591e+01,8.438762007543988375e+01
4.323949284105135860e+01,5.348583954289849451e+00
1.360238889430626053e+01,5.404675522032262336e+01
2.694459317886887817e+01,1.377389406072386180e+01
3.598118368261147992e+01,7.724121690636897242e+00
1.539466534157757138e+01,4.219485465258223655e+01
1.129408343944088600e+01,7.839674225642019678e+01
1.077284279305731651e+01,8.616667911299794014e+01
1.293344436873205083e+01,5.978215982163151665e+01
1.156363060356106054e+01,7.478449758777726686e+01
5.559117864503938478e+01,3.235848915879066201e+00
3.824299641992332965e+01,6.837481658281737928e+00
3.243440988874855435e+01,9.505785243810393581e+00
2.206781828056514883e+01,2.053436143014675963e+01
7.849164608961858391e+01,1.623129331755513105e+00
1.026903314277063473e+01,9.482893845443499004e+01
1.034695990203179683e+01,9.340593409196407038e+01
1.297560011789267698e+01,5.939434455297647020e+01
1.566102937027904218e+01,4.077175369509249236e+01
1.095067969590350465e+01,8.339074382832677657e+01
2.433813431704779262e+01,1.688205974508757734e+01
1.503129117558731842e+01,4.425959387583391447e+01
1.503692789041167721e+01,4.422641795703248846e+01
1.344055936881973956e+01,5.535607803800686355e+01
2.503177148308380850e+01,1.595940989450243030e+01
2.828924603168307073e+01,1.249560403024075228e+01
6.767980821396974989e+01,2.183140876278029996e+00
2.860089116754769378e+01,1.222477484844895557e+01
1.233319657905225419e+01,6.574287502300062158e+01
1.079415870186355875e+01,8.582669753961631898e+01
2.109569647569313133e+01,2.247047554697929073e+01
1.720617730347866114e+01,3.377778852316102132e+01
3.215679096351363597e+01,9.670626160435659813e+00
1.980905151607040438e+01,2.548429578656268291e+01
2.907246159160857601e+01,1.183140685834755779e+01
1.784484777368006903e+01,3.140322890867829386e+01
1.065261610642558487e+01,8.812262940524966837e+01
1.208329307338784098e+01,6.849034938395837457e+01
2.889685952197769581e+01,1.197563929490683421e+01
8.830823031200164053e+01,1.282323604703111242e+00
1.101026354771858706e+01,8.249062057149991745e+01
1.702617471905515600e+01,3.449576881125952355e+01
2.379559798136837756e+01,1.766065285266965290e+01
3.542889343394777057e+01,7.966816679195352968e+00
3.644740071414342708e+01,7.527779281253040189e+00
2.718873189431795723e+01,1.352764181880450067e+01
4.084461783662415257e+01,5.994187533862303852e+00
1.916290628128772155e+01,2.723185642923050764e+01
1.694633636990413450e+01,3.482157053736896302e+01
1.249858872468081294e+01,6.401445390703548810e+01
1.586680494697439947e+01,3.972107870839237620e+01
1.260693064131325691e+01,6.291892197070977488e+01
1.114748909274526945e+01,8.047220246805838428e+01
1.011543284056740610e+01,9.773071092173007912e+01
1.578609704246002821e+01,4.012827245725672043e+01
5.610970569933892449e+01,3.176318312209856387e+00
1.224458860144445005e+01,6.669781453777488878e+01
4.764850989288755301e+01,4.404548057899206448e+00
1.753855886093595728e+01,3.250964227910785809e+01
2.261043052175162771e+01,1.956060740088600980e+01
1.481740890817264500e+01,4.554654808381101105e+01
2.496208538714614633e+01,1.604864132949318289e+01
1.321742056343973104e+01,5.724091693353600618e+01
1.297948899747815688e+01,5.935875873728709706e+01
2.200423489636771635e+01,2.065320497016325874e+01
1.027298831931452128e+01,9.475593282453198185e+01
1.226600173947425354e+01,6.646514493531284984e+01
2.376989238494825329e+01,1.769887120730573571e+01
1.931124077300455255e+01,2.681511369212937623e+01
1.342092506897723148e+01,5.551816416233214824e+01
2.744001790720679779e+01,1.328101352873906116e+01
1.985814497160480840e+01,2.535844660584810484e+01
5.195306905896658378e+01,3.704909329712291033e+00
3.651885499364038878e+01,7.498349781664233049e+00
1.697935512868442132e+01,3.468627127673043731e+01
1.284026760919332588e+01,6.065293897745420537e+01
1.078450196121755411e+01,8.598046954124930608e+01
1.232830308781237427e+01,6.579507621071630297e+01
1.106509036158864667e+01,8.167517435036762663e+01
1.011821526767744039e+01,9.767696800694085368e+01
2.850112605045513448e+01,1.231050764664119868e+01
1.037518674493198745e+01,9.289838311036284324e+01
2.376713949007568871e+01,1.770297148648010577e+01
2.451887950986994724e+01,1.663407905255197505e+01
1.727178667504149701e+01,3.352165632829755992e+01
1.007084305219577303e+01,9.859805420189739777e+01
1.207021632487664498e+01,6.863883325681969438e+01
1.496602122612239327e+01,4.464648639579316836e+01
2.012863417230975216e+01,2.468149069119880323e+01
1.237299009712682007e+01,6.532067581296475112e+01
1.452477042724227374e+01,4.740033885223409271e+01
2.797890238296727006e+01,1.277434537733246600e+01
2.816037418143742954e+01,1.261023434906633511e+01
1.970674613731323888e+01,2.574958037066792826e+01
1.123449555571277614e+01,7.923058206188468944e+01
1.013032681554082970e+01,9.744354768366990527e+01
1.998694279897840786e+01,2.503267499737178525e+01
4.588939749994167983e+01,4.748706066012526428e+00
1.163569223501801098e+01,7.386106216944851610e+01
7.387678943506465146e+01,1.832246805189126304e+00
2.679744690280586639e+01,1.392557580851762822e+01
3.201410719387717307e+01,9.757020342634891819e+00
5.624108567926789704e+01,3.161495795315847346e+00
1.959243855622443320e+01,2.605091687375753295e+01
6.597746233637775504e+01,2.297252776603105229e+00
1.742003567623991955e+01,3.295352821701593626e+01
3.558403774543937459e+01,7.897498416892521966e+00
1.173461272667285016e+01,7.262104222042736978e+01
1.246381424590833298e+01,6.437215735642867287e+01
1.190819921623291933e+01,7.051927147526119199e+01
1.185978304873820832e+01,7.109621997907537150e+01
1.181356955312705814e+01,7.165355048159341322e+01
1.175893179720600656e+01,7.232097244616295484e+01
4.146976011685565311e+01,5.814829079420135827e+00
1.189261232372383681e+01,7.070424288182675809e+01
1.894721763960021121e+01,2.785538161108004118e+01
1.484829117206052906e+01,4.535728485339277682e+01
6.077333517815926456e+01,2.707533624198715128e+00
2.911917372932931514e+01,1.179347810234258276e+01
2.902379085792212621e+01,1.187112090385345731e+01
1.147266353641609804e+01,7.597513595834014666e+01
1.278128046333733181e+01,6.121407205439705734e+01
1.200410162976385031e+01,6.939699620600720209e+01
3.455399772008382087e+01,8.375358379967547506e+00
1.123352492310056228e+01,7.924427448875798063e+01
1.032346089072760087e+01,9.383165280652170281e+01
1.691633257324468076e+01,3.494520322880351415e+01
1.031836065288192295e+01,9.392443537866381575e+01
4.016499230553518629e+01,6.198757172244516944e+00
2.707097651868944865e+01,1.364558489449700751e+01
9.616237000137029156e+01,1.081408262111723362e+00
4.765407137862834475e+01,4.403520049122093383e+00
4.143782272940669031e+01,5.823795864031940717e+00
1.073825831298698752e+01,8.672260328036121280e+01
2.820540244417826514e+01,1.257000349588341948e+01
1.169829859630062252e+01,7.307260586541556791e+01
1.780148055484275105e+01,3.155642173577653864e+01
1.839543989458484674e+01,2.955150779639696523e+01
1.082445274125633361e+01,8.534696907688093859e+01
2.843732646969091959e+01,1.236580723762501322e+01
1.141868483125691291e+01,7.669513704331644988e+01
2.573829144849627326e+01,1.509525908483554879e+01
1.433397062717152437e+01,4.867063131897623407e+01
2.887357817062151355e+01,1.199495948232470077e+01
1.385808104556522657e+01,5.207074678551711600e+01
6.377393889419084871e+01,2.458745156317732494e+00
1.068243772949220904e+01,8.763130116488058263e+01
1.235417910067539715e+01,6.551974731128439089e+01
1.357725723643889104e+01,5.424702271727927183e+01
3.123953603404801171e+01,1.024686111066650618e+01
1.291553959367212379e+01,5.994802638152603436e+01
1.198021821009345977e+01,6.967396773777572605e+01
1.010518059190913398e+01,9.792911763236740796e+01
4.724231765949074457e+01,4.480614799170059115e+00
1.451579513186764103e+01,4.745897340351192639e+01
5.181359779761763917e+01,3.724881841223439238e+00
2.909129279963712733e+01,1.181609453966511225e+01
4.187228502671078445e+01,5.703568697757941841e+00
1.210897179852787175e+01,6.820017114971768990e+01
2.012545748956717873e+01,2.468928295663980776e+01
3.424237438851885429e+01,8.528492215365483631e+00
4.768004284370354640e+01,4.398724133991740892e+00
1.053819955284766685e+01,9.004656773191241825e+01
3.735219819135808450e+01,7.167499468196879775e+00
1.292569853913660616e+01,5.985383117747790038e+01
4.198501723588586998e+01,5.672980991574091192e+00
4.074357290678884880e+01,6.023955827017465126e+00
1.914702746733220096e+01,2.727704243874064360e+01
4.174633230657246941e+01,5.738037052852477338e+00
1.209639324929722193e+01,6.834208208451849487e+01
3.394397238516025084e+01,8.679099536523507297e+00
1.219573356257621732e+01,6.723325604872906069e+01
1.288240933203347360e+01,6.025676484963410928e+01
2.632469120123439410e+01,1.443023584271506188e+01
1.131005017894289288e+01,7.817554840108219594e+01
7.368388156920180165e+01,1.841853180262060130e+00
1.185484301523238493e+01,7.115548535886591708e+01
4.217238191242850576e+01,5.622684801370036567e+00
2.574071935911040399e+01,1.509241159554824563e+01
1.532130590180472041e+01,4.259988557984948443e+01
1.617644399791301169e+01,3.821500166594787373e+01
1.363314691192548445e+01,5.380315837424807057e+01
6.033515335876379027e+01,2.747003154225007293e+00
2.206885739289574033e+01,2.053242775452009283e+01
1.007463793831706234e+01,9.852378891922968762e+01
5.767836202922896405e+01,3.005897468896656211e+00
3.777664566237925925e+01,7.007340397530091636e+00
1.392215922941438322e+01,5.159252780965712049e+01
1.148968206054331809e+01,7.575023380826964114e+01
3.631326065971745010e+01,7.583496765500069792e+00
1.020842186966766008e+01,9.595835216909505050e+01
4.837116588129504180e+01,4.273924928691908320e+00
9.151219317182986401e+01,1.194103778371572888e+00
1.652977404633587710e+01,3.659874269104328448e+01
5.005957358895525999e+01,3.990485234004702342e+00
2.065267890840814502e+01,2.344483680009412296e+01
1.220855622288629583e+01,6.709209988726490792e+01
2.881308650895845247e+01,1.204537801044920542e+01
1.633806557064868770e+01,3.746267033280275882e+01
1.158458452299002950e+01,7.451420543665287255e+01
1.052317283630779521e+01,9.030391793648094279e+01
1.082645352890234847e+01,8.531542682121961718e+01
1.008859820147508124e+01,9.825130975719523008e+01
1.069265568384772003e+01,8.746389938341110337e+01
1.156232580031020873e+01,7.480137733379505960e+01
1.041508252936746182e+01,9.218803726153041112e+01
1.589947674093362018e+01,3.955800094931812794e+01
1.236475293233664097e+01,6.540773560228419115e+01
1.045539456799530065e+01,9.147852345092384496e+01
2.101014225326911244e+01,2.265384966963354785e+01
1.880091579804249236e+01,2.829058911822766120e+01
1.178544760983218964e+01,7.199591188338492032e+01
1.164593460152969229e+01,7.373120064661867445e+01
2.206511680041170820e+01,2.053938987084972823e+01
2.393698998565005098e+01,1.745263169446141660e+01
1.468019479000955130e+01,4.640196407927500388e+01
1.493569218641018637e+01,4.482799253194000499e+01
1.277423244942075442e+01,6.128163879916140644e+01
1.131849323390818185e+01,7.805896145631103877e+01
1.018581954099639653e+01,9.638468773886162921e+01
1.661655307619512811e+01,3.621747106157604179e+01
1.314430085499211920e+01,5.787953296620694488e+01
1.460097841924207351e+01,4.690682977287825395e+01
3.499040954512705781e+01,8.167740827138199933e+00
2.737824372615259350e+01,1.334101367435058982e+01
1.408898976530451463e+01,5.037792699498749727e+01
2.114586701658859980e+01,2.236397544149909322e+01
1.141903205652680953e+01,7.669047288533121787e+01
1.188711844660697992e+01,7.076961283446196660e+01
1.098447452245281930e+01,8.287841335334121595e+01
3.287820574172703658e+01,9.250895654735581175e+00
1.530554303071628830e+01,4.268767629512231565e+01
3.690972587459448562e+01,7.340376911639793889e+00
1.121850377773045793e+01,7.945662663482703181e+01
3.654692829941569698e+01,7.486834580385827387e+00
2.587336845768225047e+01,1.493805497787818659e+01
1.992183930959875227e+01,2.519655317897037961e+01
4.708994495386561852e+01,4.509658280612669046e+00
2.088657966509421371e+01,2.292267760797251341e+01
4.468543423959406624e+01,5.008042833704780428e+00
1.057249480457771540e+01,8.946332583222201151e+01
2.958324674940487142e+01,1.142637118956845832e+01
1.571332309818274986e+01,4.050082956670917156e+01
5.128790853853599430e+01,3.801631532299304173e+00
1.376278630209845666e+01,5.279432807888014878e+01
2.135027460126471155e+01,2.193779983928845212e+01
1.417529543078002519e+01,4.976634686463966517e+01
1.948461047444873984e+01,2.634004690034505458e+01
1.031959928190579312e+01,9.390188982302375109e+01
1.055155125063681076e+01,8.981882607288051190e+01
1.221134239894905704e+01,6.706148751537284625e+01
1.024640473468762991e+01,9.524824599150574045e+01
1.535901693179387628e+01,4.239095119740915152e+01
2.226542621132955091e+01,2.017148976096582658e+01
5.511825804515604688e+01,3.291614998945015635e+00
1.603180818657234141e+01,3.890764851169760163e+01
1.005941500439489644e+01,9.882220706164848423e+01
7.573708045166719671e+01,1.743343153675955604e+00
1.138165461207864659e+01,7.719500421794025158e+01
1.141352918499662472e+01,7.676444116420344699e+01
1.165600334782711833e+01,7.360387396561665696e+01
1.033225761270906595e+01,9.367194722759472825e+01
1.024073297635279012e+01,9.535378035789476314e+01
1.053369074658477622e+01,9.012367070185959506e+01
1.672471017045229758e+01,3.575055589357584296e+01
1.376387887722321857e+01,5.278594679614496243e+01
1.570932560384144416e+01,4.052144438371369972e+01
1.250288469361024646e+01,6.397047095969224983e+01
3.622543626791425453e+01,7.620311964948013106e+00
3.538561267623137496e+01,7.986317301501208554e+00
1.391873116845834879e+01,5.161794451005660989e+01
2.162571263145959577e+01,2.138253269047991978e+01
1.321595461835659080e+01,5.725361623479994932e+01
1.408288343943717358e+01,5.042162411608233441e+01
1.783757787398391415e+01,3.142883158283645884e+01
1.949538838773194982e+01,2.631093106412350835e+01
4.315113744795990414e+01,5.370509682532359719e+00
1.601585237791823246e+01,3.898521069421207841e+01
2.211481397433265883e+01,2.044717994315968923e+01
1.028998180257837269e+01,9.444322017405890790e+01
1.797132510510758863e+01,3.096276941538156535e+01
1.039049226666987380e+01,9.262490020604678875e+01
1.256118001191242506e+01,6.337808623641120676e+01
1.932112002770530168e+01,2.678769855159817581e+01
1.179556690689568121e+01,7.187243574722643302e+01
4.199461358427114277e+01,5.670388579014573160e+00
2.751516376610411996e+01,1.320856981335139047e+01
4.443248159953616749e+01,5.065226386323894658e+00
3.022845671431658943e+01,1.094379752739677691e+01
5.155260108656999307e+01,3.762693429175743010e+00
3.280057968642705646e+01,9.294733921435014423e+00
3.282440681445335429e+01,9.281244786027045279e+00
3.882121115861971816e+01,6.635319489518751723e+00
1.601900614142614288e+01,3.896986167308514126e+01
1.420953236077185089e+01,4.952681832323466438e+01
3.594203730514610129e+01,7.740956353907100684e+00
3.100961375990765134e+01,1.039937612728089178e+01
1.038653494629148533e+01,9.269549472770580678e+01
2.606567682782897322e+01,1.471844696097017291e+01
1.040008885717116804e+01,9.245404144799029211e+01
1.541896975909807388e+01,4.206193875316520803e+01
1.547597141182069791e+01,4.175266129344649357e+01
4.626066438457090868e+01,4.672790051146836987e+00
2.013723339727655315e+01,2.466041566367324833e+01
1.216939156421647894e+01,6.752463875875621113e+01
1.517051116049685611e+01,4.345097953526917678e+01
5.480019038903729722e+01,3.329935836789387427e+00
1.026570065914204655e+01,9.489051577651738967e+01
1.910083426403957674e+01,2.740913484367506570e+01
1.543623655651343363e+01,4.196789137688197968e+01
1.130086028859455460e+01,7.830274523598521341e+01
1.240003949784370896e+01,6.503600607508360554e+01
1.198290330429896855e+01,6.964274655506321210e+01
3.957775954637962457e+01,6.384069241781428872e+00
5.082368787620615080e+01,3.871396468865511586e+00
1.227837891848636431e+01,6.633121253803324180e+01
1.068423265484961426e+01,8.760185994297251000e+01
2.356865179915938668e+01,1.800240465798781031e+01
4.813244210988076333e+01,4.316425064007945345e+00
3.019386693251079024e+01,1.096888609238551560e+01
1.782796206723464039e+01,3.146274404817204839e+01
4.829615313301832202e+01,4.287211611307777837e+00
2.638466536090374603e+01,1.436470856367631654e+01
1.464816612403557983e+01,4.660510456782560595e+01
1.445581708073490113e+01,4.785361064336004233e+01
1.145735947986297454e+01,7.617823761200575916e+01
1.097002746007323992e+01,8.309685182879684362e+01
2.150390701153921214e+01,2.162545497263809580e+01
1.307924414198935814e+01,5.845675545445200072e+01
3.551300666559318131e+01,7.929122258477064200e+00
1.131405303294973130e+01,7.812024196923898955e+01
2.287247376950673328e+01,1.911497452570774769e+01
3.843488030456168758e+01,6.769380626952269608e+00
1.499357180638652487e+01,4.448256194455201751e+01
1.325918295013292969e+01,5.688090189851897094e+01
3.035465035693884062e+01,1.085299318880999309e+01
1.098371823777884337e+01,8.288982694396186446e+01
9.405082234093572424e+01,1.130511034309022111e+00
4.214164630143322654e+01,5.630889496206240352e+00
2.364259240471528400e+01,1.788997813529573833e+01
8.252264479989707979e+01,1.468431604911840660e+00
1.465496455486863425e+01,4.656187442730096393e+01
5.053951737508712938e+01,3.915054565437253942e+00
1.641059092554007748e+01,3.713227519947892574e+01
2.060562543335010943e+01,2.355203282726422387e+01
4.155874160533321771e+01,5.789955456650315746e+00
4.237049774655762491e+01,5.570226668314103513e+00
1.231864097363203037e+01,6.589832929735429445e+01
1.060528347381937486e+01,8.891098816147473372e+01
1.029297629957202354e+01,9.438827614383194486e+01
1.141999330156451542e+01,7.667756302942508739e+01
1.099704008173090308e+01,8.268912266559776469e+01
2.722720734343594273e+01,1.348943633303589706e+01
1.041210201358567211e+01,9.224082338030409289e+01
2.372831027479637100e+01,1.776095748805534313e+01
1.297556905531248539e+01,5.939462892490514179e+01
1.074958773524119948e+01,8.653989874160591000e+01
1.045716247352035033e+01,9.144759503862108829e+01
1.191064585358924077e+01,7.049030287602346334e+01
1.204394897976780499e+01,6.893855654755370210e+01
1.044332799232434894e+01,9.169004035991771673e+01
3.610912398256675715e+01,7.669483105348579244e+00
2.544191106154585569e+01,1.544900592712807175e+01
2.114618947420051143e+01,2.236329339151188478e+01
2.610744286127993163e+01,1.467139222369607587e+01
5.706454487350459459e+01,3.070911383675789530e+00
1.469627749382200754e+01,4.630046072791216716e+01
1.383573648931465883e+01,5.223906991731769267e+01
1.673817062903476582e+01,3.569307943513923220e+01
1.516348920175390980e+01,4.349123169985729476e+01
1.814437873705682946e+01,3.037496560788304478e+01
1.035526174464109594e+01,9.325622652378197586e+01
1.110599594734780204e+01,8.107463061967250439e+01
1.160721499039770066e+01,7.422392953040716179e+01
4.268314653296727101e+01,5.488923084942833874e+00
3.313985319211202096e+01,9.105396027672714609e+00
2.892439310869145075e+01,1.195285054611293241e+01
1.017678275429931034e+01,9.655593922453977029e+01
1.708190339926564505e+01,3.427105523446537205e+01
1.839677704269632486e+01,2.954721211931089542e+01
2.109178329884354497e+01,2.247881425408773026e+01
2.422243840297004525e+01,1.704371563560468772e+01
1.009753975575431006e+01,9.807738017275904951e+01
1.268905176657728084e+01,6.210715873795380304e+01
1.459455134145808408e+01,4.694815207423452108e+01
1.489388340622026519e+01,4.508002005002775547e+01
1.296530835643788748e+01,5.948867552000822911e+01
1.047028597028004882e+01,9.121849716909997596e+01
1.078654843531099417e+01,8.594784740770177223e+01
4.249878537857178173e+01,5.536648642800679809e+00
1.508102216556772746e+01,4.396817539247536644e+01
2.485334096093064460e+01,1.618938846764281436e+01
1.255923408406330921e+01,6.339772736046670332e+01
6.070397590352503414e+01,2.713724317629794491e+00
3.342818170201960015e+01,8.948999662441872616e+00
1.068560554623883263e+01,8.757935113658957960e+01
2.904926355706952634e+01,1.185031095036302240e+01
7.139844891980251873e+01,1.961654169590174135e+00
3.065978798817746309e+01,1.063804211253205700e+01
1.640358109060825953e+01,3.716401787008117452e+01
1.660694107832728861e+01,3.625940810446868312e+01
2.283489178950926046e+01,1.917794568016760337e+01
6.229198307947105206e+01,2.577126199565346720e+00
1.003486307227414898e+01,9.930636797999574128e+01
2.297352044892414469e+01,1.894719380230159445e+01
1.300218956926817171e+01,5.915167031211758086e+01
2.223778213685389105e+01,2.022167181198734909e+01
1.580455551279043114e+01,4.003459389949461666e+01
1.812273955838627160e+01,3.044754643584018439e+01
1.047719620623609771e+01,9.109821050924558961e+01
2.015955890910558423e+01,2.460582602211779601e+01
2.537307788051785806e+01,1.553294108478917934e+01
1.118348168629184514e+01,7.995505718072453760e+01
1.191906337853452058e+01,7.039077418929080920e+01
3.512816247531690550e+01,8.103807840707089483e+00
1.468960069170652716e+01,4.634255979873785947e+01
4.661350653709125424e+01,4.602316179247050165e+00
1.564490672194578558e+01,4.085583056040734817e+01
4.782376379682663980e+01,4.372325588935736640e+00
2.136556962292777584e+01,2.190640175085905739e+01
4.077521906366525428e+01,6.014608920814532134e+00
2.330242428206838667e+01,1.841610528083172937e+01
1.321020657003652943e+01,5.730345166309643190e+01
2.348523218359106224e+01,1.813052098069715257e+01
2.533999680332023274e+01,1.557352371291255722e+01
1.255788758192813148e+01,6.341132355668693066e+01
1.853279788802706562e+01,2.911508222706394022e+01
2.053309321484848127e+01,2.371871968599608493e+01
4.085386787545115084e+01,5.991473460836820308e+00
8.184983122564329960e+01,1.492672128089200134e+00
4.672972322527804323e+01,4.579452750900713909e+00
1.777989039342838140e+01,3.163310633629136248e+01
3.148901108178451125e+01,1.008514058313355122e+01
1.524159089038454162e+01,4.304665399199146236e+01
1.245638265761649244e+01,6.444899026838335487e+01
1.623256846422202315e+01,3.795120007012488372e+01
7.350471997581418293e+01,1.850842848173475774e+00
2.118257882594680552e+01,2.228652400864394778e+01
2.311544133405217138e+01,1.871524947559912633e+01
4.172223165067657646e+01,5.744668069098735508e+00
1.761350047111942274e+01,3.223358790516349615e+01
1.112475062479658661e+01,8.080150146736504269e+01
3.293218137195351147e+01,9.220596190270505588e+00
1.268787570312648327e+01,6.211867293407822643e+01
1.222470902486983846e+01,6.691491621349103980e+01
1.455074086691885071e+01,4.723128779303262093e+01
2.526208265549262677e+01,1.566973660605544438e+01
1.035129980797572458e+01,9.332762740635827470e+01
1.173413371744326383e+01,7.262697139429589299e+01
1.071920164798518726e+01,8.703122936899715967e+01
2.769073135242065575e+01,1.304160815949136953e+01
2.286875080123285287e+01,1.912119876043044187e+01
4.344293866633184820e+01,5.298605790668552196e+00
2.048742405852226156e+01,2.382458182142837444e+01
2.040758653494981800e+01,2.401135709252022465e+01
3.044363088264098849e+01,1.078964373068283145e+01
1.032667116792493545e+01,9.377332252968260207e+01
1.255217832860503613e+01,6.346902089554154003e+01
1.039382749623057300e+01,9.256546575026132473e+01
4.056394472312878463e+01,6.077425385079799014e+00
2.280015421670995934e+01,1.923642798468132398e+01
2.630894621294364555e+01,1.444751299850433490e+01
2.246770028910427897e+01,1.980992157266523179e+01
1.485067599282955442e+01,4.534271847139814327e+01
1.264777439803169123e+01,6.251320699977589612e+01
1.027705283573304840e+01,9.468099677212303789e+01
1.541348892397630088e+01,4.209185742244008566e+01
5.180761357332748673e+01,3.725742402605382697e+00
1.587889016116212737e+01,3.966063933714089984e+01
1.257064409337746191e+01,6.328269103234787707e+01
1.298775366817517884e+01,5.928323767065344185e+01
2.601963078950338826e+01,1.477058650534717543e+01
1.050865747446090737e+01,9.055355959294320201e+01
1.374953906039087137e+01,5.289610838388517777e+01
1.255371115622646627e+01,6.345352250981762410e+01
1.357703020553158701e+01,5.424883693637870152e+01
1.158568048408862339e+01,7.450010858528872859e+01
4.309958756638013000e+01,5.383364316114533032e+00
1.067302621309981348e+01,8.778591655547762684e+01
4.523805113509668985e+01,4.886436120448271581e+00
1.465755407651268527e+01,4.654542388851525203e+01
2.591839306775288065e+01,1.488620022697362621e+01
1.051300035134150335e+01,9.047876044529321859e+01
1.589348814930556308e+01,3.958781710318767466e+01
1.385433366225702478e+01,5.209891926090339354e+01
1.178599177153776267e+01,7.198926390423315524e+01
3.505875700237103132e+01,8.135925656679699358e+00
4.420870995164178652e+01,5.116633571209337816e+00
1.166308610731828388e+01,7.351450478168918323e+01
1.036609218926992426e+01,9.306146098354793139e+01
1.079970605553915064e+01,8.573854907251417501e+01
1.476536368010718725e+01,4.586820060668464549e+01
3.063352551145365155e+01,1.065629016509078220e+01
3.574903169599361519e+01,7.824767357264956757e+00
3.262266111222105280e+01,9.396394256230797382e+00
3.518519856535817780e+01,8.077556183425109282e+00
5.674007560096369929e+01,3.106133945005038921e+00
1.339979825704234351e+01,5.569336776393492272e+01
1.022332773286310292e+01,9.567873688720494840e+01
1.478402715258787481e+01,4.575246494920148166e+01
1.113005448933496666e+01,8.072451027084541408e+01
3.746188548131221552e+01,7.125588463387384941e+00
2.326000163685772293e+01,1.848334279536912206e+01
1.604074427963246663e+01,3.886431068184428739e+01
2.398142643491612702e+01,1.738801381428823944e+01
4.337216221464041155e+01,5.315912859589463579e+00
1.285725485091865927e+01,6.049277329593434871e+01
1.771897198104253235e+01,3.185099157593071695e+01
2.286720028892694856e+01,1.912379187709866457e+01
3.183935021341376981e+01,9.864421204935426957e+00
1.411227128931872876e+01,5.021184353102577802e+01
8.014158234562533778e+01,1.556984086862819971e+00
1.806406259628195698e+01,3.064567143119134229e+01
1.073575899460199068e+01,8.676298656888687333e+01
1.228492462497807658e+01,6.626054560442213415e+01
1.069787605547578480e+01,8.737855858275153764e+01
6.334427221064111535e+01,2.492213811966400350e+00
2.667551157314822419e+01,1.405317602687058809e+01
1.884031478447429109e+01,2.817238991627518985e+01
1.253417234194883001e+01,6.365150493578300228e+01
2.268476637980882060e+01,1.943262088248052066e+01
3.052839989798034637e+01,1.072980714292743087e+01
1.137168171342598022e+01,7.733046272855258962e+01
2.733498656639442004e+01,1.338327094632971992e+01
1.323438401585536006e+01,5.709427145804495751e+01
4.192388218174961878e+01,5.689538183026652263e+00
3.864413968727296833e+01,6.696266251978959083e+00
1.920263552255215700e+01,2.711929044371190756e+01
1.203494391401835450e+01,6.904176076555769725e+01
1.251985031527018855e+01,6.379721593868413976e+01
2.977039601790177059e+01,1.128316077007446694e+01
1.914906715055188968e+01,2.727123186194169691e+01
1.601190311366917385e+01,3.900444412135356487e+01
4.542411727127245769e+01,4.846486498470906845e+00
2.391327340051734396e+01,1.748726702644641406e+01
1.508863702164778431e+01,4.392380732373558061e+01
1.224100265181180269e+01,6.673689794343928838e+01
1.324914356602960908e+01,5.696713623848237518e+01
2.580191932808965660e+01,1.502090065918339867e+01
4.153413112273493368e+01,5.796819007685392044e+00
1.218520331743055962e+01,6.734950992861331542e+01
1.494120439464502148e+01,4.479492215261210220e+01
1.098888329576787015e+01,8.281192455204332248e+01
3.044228924894290245e+01,1.079059478061762434e+01
3.163616896907100795e+01,9.991535300787353080e+00
1.365909792993413951e+01,5.359891057260496439e+01
2.617738988336225958e+01,1.459309189276766894e+01
3.524237526708385815e+01,8.051367632317550260e+00
1.138063645098699617e+01,7.720881723550127163e+01
3.651181639499262843e+01,7.501241062734123055e+00
1.163687305051400322e+01,7.384607328688859695e+01
1.461832655891478083e+01,4.679556349640125035e+01
1.278338911128710365e+01,6.119387893025985647e+01
2.477009462746674728e+01,1.629838860763165087e+01
1.174441943005431099e+01,7.249981431488788530e+01
1.316968378708369336e+01,5.765663673359806296e+01
3.020230597086040802e+01,1.096275716182645610e+01
1.031749739026566104e+01,9.394015330768905869e+01
1.307762912956703261e+01,5.847119449607648534e+01
2.839051301715975484e+01,1.240662111061628714e+01
4.046566125853808416e+01,6.106983078257561814e+00
1.099634098929298354e+01,8.269963692265126554e+01
1.066232349441873595e+01,8.796224201086489813e+01
1.351662183743965073e+01,5.473481733986115927e+01
1.707343911649573798e+01,3.430504391184529567e+01
1.608387282748284619e+01,3.865616255654665423e+01
2.517337051900987532e+01,1.578037297815043694e+01
2.377936482642525817e+01,1.768477342705017463e+01
3.498331452149726317e+01,8.171054189034441251e+00
1.172471188261829234e+01,7.274374258226379197e+01
3.664516478501633401e+01,7.446747736583688493e+00
3.936060180504109240e+01,6.454707104686611352e+00
1.302990752685201947e+01,5.890027641708445572e+01
1.175847388927200754e+01,7.232660531862771336e+01
1.097221347421575643e+01,8.306374405188320509e+01
1.840156906100305889e+01,2.953182513303392298e+01
2.641643692549294187e+01,1.433017591167024385e+01
1.194575910387657736e+01,7.007651486650173922e+01
4.198236130218866435e+01,5.673698794837468640e+00
1.485608811539636775e+01,4.530968748128959334e+01
2.291898621595180785e+01,1.903746829972815036e+01
4.778232827268524119e+01,4.379911998459963485e+00
1.733568212549508658e+01,3.327500504943914450e+01
1.315095929532000874e+01,5.782093802337751498e+01
3.151203216437738064e+01,1.007041058749091356e+01
1.397362743774107585e+01,5.121317251469022835e+01
1.861834184743731413e+01,2.884815215088216078e+01
1.436059380624043058e+01,4.849033712836516230e+01
2.070891331611983333e+01,2.331768223187629729e+01
1.004356978416656432e+01,9.913426639032724097e+01
3.289857663603622484e+01,9.239442838667441649e+00
1.138883378465187413e+01,7.709771215215718598e+01
3.994336439222268353e+01,6.267736287488240521e+00
1.278043159764767012e+01,6.122220390045379901e+01
3.292124904056513657e+01,9.226721070286554749e+00
2.432817207430896289e+01,1.689588878342279443e+01
1.169708817941170054e+01,7.308772978193643155e+01
1.080874823902107273e+01,8.559515792357781550e+01
4.437826102815682816e+01,5.077611154779386737e+00
5.908929363060344997e+01,2.864061921954968337e+00
4.699040450683414605e+01,4.528784264080516486e+00
2.004138615403170220e+01,2.489685488369966393e+01
2.314588096861713140e+01,1.866605620851120761e+01
1.114257897704343492e+01,8.054314024372118297e+01
5.174064550750571101e+01,3.735393122190173276e+00
1.262032831716095238e+01,6.278540406924427231e+01
1.146927826458185251e+01,7.601999221502562420e+01
4.652743528892557379e+01,4.619359607233913145e+00
8.607664749513473623e+01,1.349675338377377631e+00
1.054936594158867003e+01,8.985604200118707752e+01
1.808232202306613701e+01,3.058381102780807836e+01
1.192840863548102526e+01,7.028052273688362561e+01
1.114770103479193608e+01,8.046914259390010216e+01
7.564313238551758900e+01,1.747676274785064043e+00
1.236905227035419585e+01,6.536227357568375851e+01
1.406182420310295100e+01,5.057276183464735908e+01
2.633021345236054955e+01,1.442418355378575789e+01
1.012472458076983273e+01,9.755141287179021958e+01
1.470435565422293500e+01,4.624960235391154839e+01
2.744942265379106061e+01,1.327191438150117619e+01
3.392269624965486230e+01,8.689989921215198976e+00
1.543707866522802341e+01,4.196331271742584335e+01
2.362192423532974672e+01,1.792129775631904209e+01
1.254116039434996921e+01,6.358059026528425051e+01
1.167702946758593363e+01,7.333904453537039103e+01
1.999516652311492848e+01,2.501208807409315327e+01
1.136003716023175159e+01,7.748907844253517396e+01
2.745193747426594300e+01,1.326948286253969300e+01
1.159160341212668399e+01,7.442399382671172248e+01
2.091013270445759176e+01,2.287106677733752846e+01
1.954077852423260353e+01,2.618884076805383287e+01
3.463363570594557217e+01,8.336885386931840003e+00
2.854429960431637880e+01,1.227329626423364672e+01
1.377485167273103528e+01,5.270188364689060734e+01
1.379862663177367565e+01,5.252042998265481089e+01
1.691408242323380406e+01,3.495450165573836898e+01
1.206629186928174313e+01,6.868348887450976292e+01
2.470808141535072977e+01,1.638030381403210711e+01
1.074493685655682285e+01,8.661483146250999710e+01
1.352040282311141084e+01,5.470420839635922761e+01
1.019357131784659032e+01,9.623815057755147961e+01
1.200747530280846576e+01,6.935800551404371106e+01
1.339370581645793123e+01,5.574404615121812157e+01
1.397822522831285674e+01,5.117948744919648618e+01
1.186373162403552151e+01,7.104890231045003191e+01
1.299857481705626938e+01,5.918457366719199797e+01
1.205543201050126001e+01,6.880728849435817551e+01
9.211458550406153734e+01,1.178536929153382484e+00
4.063409376107195925e+01,6.056459860368158310e+00
4.225736900234850424e+01,5.600091104520104501e+00
3.661577210275119398e+01,7.458708032849031611e+00
1.010570703819266392e+01,9.791891486733666738e+01
1.049291376124835473e+01,9.082549908220850909e+01
2.832473013453570587e+01,1.246431564285248683e+01
1.059596107509308993e+01,8.906750596988671020e+01
1.392623516793079652e+01,5.156233196776288707e+01
1.287383330301946316e+01,6.033707284727116615e+01
8.199131421881051551e+01,1.487525107058644824e+00
2.996611083169092282e+01,1.113625679904345489e+01
3.785155722887784435e+01,6.979631555814481914e+00
9.294883033653036364e+01,1.157476392340052174e+00
1.818926319096810573e+01,3.022524193981994145e+01
1.142876007238942115e+01,7.655997253017393689e+01
9.782611728859396294e+01,1.044937623615646682e+00
1.657686205454151107e+01,3.639111422537303753e+01
3.174800488981616553e+01,9.921266668276336631e+00
2.038067846372297964e+01,2.407480206781585963e+01
2.114493907142246698e+01,2.236593836966822479e+01
4.287239600599787792e+01,5.440571082728726360e+00
1.197381159750239910e+01,6.974854608436798742e+01
6.303584227751566260e+01,2.516661930489230148e+00
2.276083422965811565e+01,1.930294834348989497e+01
3.010287287078071117e+01,1.103529915675707684e+01
1.223369567811379532e+01,6.681664332891574531e+01
1.749868715401051489e+01,3.265796102619567165e+01
1.271883524715389413e+01,6.181662874277259334e+01
1.519397602096485400e+01,4.331687587711483900e+01
1.114732331055939873e+01,8.047459603940416173e+01
1.288825626545080638e+01,6.020210464301033682e+01
4.633859806838396622e+01,4.657085583456126443e+00
1.288407028590782843e+01,6.024122981239021613e+01
1.088803693518730675e+01,8.435305755140149131e+01
2.341390366923913646e+01,1.824115549878001019e+01
2.036324627802847331e+01,2.411603872024630491e+01
2.716042061111517469e+01,1.355585820842538247e+01
1.066344218985318726e+01,8.794378684505792876e+01
2.329706691707619370e+01,1.842457614475193139e+01
3.250608010216984667e+01,9.463914270647485694e+00
1.687980899102738874e+01,3.509659176915808843e+01
2.746457249297404601e+01,1.325727647568220569e+01
1.323253623537146062e+01,5.711021776561150176e+01
1.169562755938805765e+01,7.310598618879652122e+01
1.431441175139728550e+01,4.880372699968196315e+01
1.327179457420388431e+01,5.677285023920750717e+01
4.572643747656321978e+01,4.782613285447438578e+00
6.969769782995270191e+01,2.058558121961104437e+00
1.316547704084831416e+01,5.769348850723225297e+01
2.556490243279215946e+01,1.530071482355029566e+01
5.047769828762749711e+01,3.924649824753708494e+00
1.833984679754623315e+01,2.973093675648796008e+01
1.206865648089525855e+01,6.865657720207390469e+01
2.749446533330715425e+01,1.322846469770760969e+01
1.315838931187427008e+01,5.775565811341745359e+01
1.300731228532274919e+01,5.910508766147546567e+01
1.041781682629835437e+01,9.213965161758387978e+01
2.700178439070314695e+01,1.371560817575871916e+01
1.348496410436674608e+01,5.499211341997948921e+01
1.337554547759626544e+01,5.589551930103726818e+01
2.550981497060638148e+01,1.536686878280244706e+01
1.391260776072480532e+01,5.166339210468019161e+01
1.621815266079292783e+01,3.801869729995033964e+01
1.871913195294998999e+01,2.853833217251262511e+01
1.261273843760753799e+01,6.286099067355247882e+01
1.092598560494148074e+01,8.376811677732273154e+01
3.610641646581234454e+01,7.670633373616742468e+00
1.765258746179645399e+01,3.209100041430534134e+01
1.089395362575642245e+01,8.426145528745517765e+01
1.340751849976074794e+01,5.562924813933112489e+01
1.195303673535203970e+01,6.999120837794804117e+01
1.081140909939472827e+01,8.555303043871171553e+01
1.014597441568825076e+01,9.714321538790611044e+01
1.718109375784334603e+01,3.387648831440047559e+01
1.218476026670220946e+01,6.735440781601825222e+01
1.074008673886051213e+01,8.669307794073600348e+01
1.260339615430106974e+01,6.295421679009035643e+01
1.248425690117854003e+01,6.416151439629473430e+01
1.284887518753863311e+01,6.057170228628333319e+01
9.432944580574189786e+01,1.123842454715871852e+00
1.190527515219590704e+01,7.055391631728713264e+01
1.688623023846750115e+01,3.506990481205320975e+01
2.002116882839490586e+01,2.494716183296034373e+01
2.176252046633272030e+01,2.111453954012028333e+01
1.096048572852917680e+01,8.324159595768541919e+01
9.084696953746899339e+01,1.211655367475285683e+00
1.314315537643785170e+01,5.788962227139882089e+01
3.952198817930114672e+01,6.402099685284879271e+00
4.039153511905550431e+01,6.129418594091829320e+00
2.291184361612158327e+01,1.904933973312696338e+01
2.255271176549176104e+01,1.966085775439665184e+01
1.221149698239281811e+01,6.705978968420859587e+01
4.519952565219740137e+01,4.894769506085178357e+00
1.325560802895419599e+01,5.691158659597900993e+01
9.131048045947304104e+01,1.199385361767596470e+00
1.811462715667372692e+01,3.047482362285619928e+01
2.811151717842065878e+01,1.265410488328109118e+01
2.726351484315331319e+01,1.345353182176821250e+01
1.225750743979571489e+01,6.655729588585442968e+01
2.464907392434589184e+01,1.645882340134879485e+01
1.212918562839140080e+01,6.797304330117917459e+01
3.048014108111971865e+01,1.076381077274707465e+01
1.151465999266041962e+01,7.542195107697719436e+01
1.263299779658496291e+01,6.265953378571715149e+01
1.017343064676274622e+01,9.661957935266723041e+01
1.132348694581874504e+01,7.799012788680924757e+01
9.634601341786739681e+01,1.077289685056510127e+00
1.093494888182217650e+01,8.363084515300216992e+01
1.197309456997307464e+01,6.975690033646095856e+01
5.925115287898172767e+01,2.848435501118633528e+00
3.500246506628897691e+01,8.162115542442082372e+00
1.352632147516232486e+01,5.465634551813549535e+01
1.998884486897015123e+01,2.502791117686590994e+01
1.009461886760378846e+01,9.813414596193300099e+01
2.885666966704844683e+01,1.200902044207126629e+01
2.852116423269334078e+01,1.229321567789053482e+01
1.200461155229839960e+01,6.939110074817105556e+01
3.714305801058755918e+01,7.248442311023392648e+00
1.280042667593741612e+01,6.103108735462090095e+01
1.262212363335062193e+01,6.276754469164712447e+01
1.296024661231069430e+01,5.953515229855489110e+01
2.629081506625766096e+01,1.446744697940985169e+01
2.394018804302605830e+01,1.744796917556881866e+01
1.090811979369840046e+01,8.404273989815531820e+01
1.384255138646801697e+01,5.218764641222955447e+01
1.284447190366953073e+01,6.061323923984825512e+01
1.229663222509595677e+01,6.613443259049309120e+01
1.746178715162212569e+01,3.279613154759737625e+01
1.585574742828485029e+01,3.977649958629425697e+01
1.005248967254460979e+01,9.895841457635145844e+01
1.012045297778321640e+01,9.763377852227401377e+01
1.127113078465311879e+01,7.871636334298185034e+01
3.194910200513414011e+01,9.796764946021768949e+00
1.360522492389704219e+01,5.402422531399433581e+01
1.091980728637329356e+01,8.386293393095135684e+01
1.318862426109975239e+01,5.749115171347003184e+01
1.196609219396060908e+01,6.983856558833812755e+01
2.148737699730414974e+01,2.165874024307317214e+01
2.381877465093572965e+01,1.762630045788075961e+01
2.668215598353775775e+01,1.404617783356927951e+01
5.387913282355684430e+01,3.444758699508601918e+00
1.391044301630170388e+01,5.167947307951745017e+01
1.801193842848121918e+01,3.082329711315860621e+01
3.064274775904427273e+01,1.064987689180023445e+01
2.028859589356069648e+01,2.429383156058303683e+01
1.104495410331412586e+01,8.197325283393205098e+01
1.979545456664010317e+01,2.551931672366896819e+01
1.630559664850136414e+01,3.761201581443529562e+01
1.055141308706545189e+01,8.982117832104505339e+01
2.395284150491674424e+01,1.742953972130256801e+01
1.349056724099929028e+01,5.494644234757785739e+01
3.799257261550643960e+01,6.927915717549228525e+00
1.216349579811077497e+01,6.759011433697708071e+01
1.262726038984218668e+01,6.271648753398714859e+01
2.784632620551773385e+01,1.289627208422480997e+01
2.304308676277234369e+01,1.883296459207836193e+01
1.488657406085872381e+01,4.512429972486802399e+01
1.359634421748992317e+01,5.409482222779019622e+01
3.560039505589482900e+01,7.890242758316774463e+00
1.049632644516314706e+01,9.076644826423817847e+01
1.854374476299840424e+01,2.908071752945696886e+01
1.036055190509557633e+01,9.316101645101520035e+01
3.517822689375788059e+01,8.080758144081938710e+00
1.465510563784579823e+01,4.656097794024601910e+01
2.212239717803008077e+01,2.043316441364083502e+01
1.311296319385495757e+01,5.815650721001340173e+01
1.430997239627062534e+01,4.883401226875291457e+01
1.100255329514730107e+01,8.260627488467760315e+01
4.701960061454655460e+01,4.523161850424972208e+00
1.143903413564668448e+01,7.642250834327555253e+01
6.791954403644419358e+01,2.167756397535283153e+00
1.023911788149362145e+01,9.538386450156210117e+01
1.424022911915191969e+01,4.931352482327744724e+01
1.095541748018369965e+01,8.331863303453559411e+01
2.180318207943928499e+01,2.103585830344874807e+01
1.712494402626141010e+01,3.409900281054110849e+01
1.100209421685383582e+01,8.261316876108817553e+01
3.326275399661663812e+01,9.038234233535655804e+00
1.180396330965378660e+01,7.177022341877200518e+01
1.437137202606331599e+01,4.841763098343859895e+01
1.178403738807373990e+01,7.201314473377146896e+01
1.719046192915592286e+01,3.383957548770373336e+01
1.021905131565919866e+01,9.575883195589577213e+01
1.353804972031799458e+01,5.456168707498346038e+01
1.002097401779307440e+01,9.958183569139016811e+01
1.196628102552267947e+01,6.983636145802368844e+01
1.694593327548746586e+01,3.482322716464081225e+01
2.188597155654869653e+01,2.087701191433236403e+01
1.114729085244782603e+01,8.047506468371501853e+01
3.395244459214195842e+01,8.674768658178667380e+00
1.063402796501755354e+01,8.843097306104162669e+01
1.806837879652556822e+01,3.063103181606906844e+01
3.656736044204288305e+01,7.478470326948913005e+00
1.798554672860892367e+01,3.091382269593603027e+01
2.182614319320896712e+01,2.099162211661456823e+01
2.011370133975779950e+01,2.471815240516362877e+01
1.333215413645867997e+01,5.625995079367922358e+01
2.230842152973449188e+01,2.009381112610369158e+01
2.345727053836687404e+01,1.817377079942577467e+01
3.096611736327309927e+01,1.042861150533984294e+01
1.277575693463822049e+01,6.126701463575307827e+01
1.053675177244851113e+01,9.007131475358228556e+01
1.196369356108003501e+01,6.986657263680862684e+01
4.786185419954959031e+01,4.365369010499173363e+00
1.403938086943530728e+01,5.073458216001080245e+01
7.178513288872787257e+01,1.940577459677424565e+00
6.117197624455405958e+01,2.672360092313223134e+00
1.066345624947949311e+01,8.794355493976662785e+01
1.113415368333373578e+01,8.066508150351550910e+01
1.072984585949298619e+01,8.685864174144003869e+01
1.336617655212212874e+01,5.597390588942761269e+01
3.125154991150580130e+01,1.023898432555804661e+01
1.276311888106893733e+01,6.138840803096854160e+01
1.148065283097609246e+01,7.586943177054158127e+01
3.912736166787411918e+01,6.531890123241431034e+00
1.515592709460147347e+01,4.353464275634340197e+01
2.481653898759386223e+01,1.623744055245134632e+01
3.183222034484237284e+01,9.868840620392020924e+00
2.152435927896853229e+01,2.158437784205273857e+01
1.349833892338605956e+01,5.488318962141381974e+01
1.059948413532831779e+01,8.900830723234786035e+01
1.520579525356113493e+01,4.324956295481110402e+01
2.601129496419672904e+01,1.478005506566759664e+01
1.116592333734843479e+01,8.020671260534200542e+01
1.100481788287924445e+01,8.257228069940494208e+01
1.108319726444305786e+01,8.140852270343796704e+01
1.575836338941124559e+01,4.026964283636857544e+01
1.248908653912501165e+01,6.411190036445611895e+01
1.127134657692154462e+01,7.871334928962305355e+01
2.480230849091227796e+01,1.625607858625265223e+01
1.422509295373425253e+01,4.941852445782027559e+01
1.159601696676903337e+01,7.436735164445903479e+01
2.656750053273905721e+01,1.416767559705790980e+01
1.062494528711313890e+01,8.858222717571997862e+01
1.140049086903210984e+01,7.694012682269759296e+01
1.139346667324232598e+01,7.703502491205601643e+01
1.916450308483486253e+01,2.722731865298979770e+01
1.166511759052733943e+01,7.348890187167573629e+01
1.088068184308748343e+01,8.446713757185091254e+01
3.390928292161214586e+01,8.696866193983135318e+00
1.803399241515101181e+01,3.074795484678462998e+01
1.144916026899759842e+01,7.628738536959502881e+01
1.196484820883244993e+01,6.985308857296891460e+01
1.187786811812086718e+01,7.087988465637873503e+01
1.795789328354296188e+01,3.100910468655977681e+01
1.354920625729842243e+01,5.447187091077515220e+01
3.129407668164320810e+01,1.021117490494205349e+01
1.083016040134862124e+01,8.525703446677738384e+01
2.081339279107730889e+01,2.308416869269585447e+01
1.817330075658299648e+01,3.027836166030019882e+01
1.257276554545612868e+01,6.326133696039239851e+01
1.114686532014674647e+01,8.048120908254256278e+01
2.890006465658300527e+01,1.197298314808253927e+01
1.714202411031274309e+01,3.403108508091492723e+01
1.151832454328964417e+01,7.537396778028521283e+01
1.102884600664381054e+01,8.221287851271134173e+01
2.029795348578079839e+01,2.427143724698146698e+01
1.068902915526245678e+01,8.752325821463537636e+01
7.706611645513645215e+01,1.683732330602052407e+00
1.469702958500809942e+01,4.629572218163021802e+01
8.565777307785872097e+01,1.362907687149363278e+00
1.114950110705824926e+01,8.044316141724586089e+01
1.212464966957568890e+01,6.802391167376222825e+01
2.253810276285161152e+01,1.968635400973017013e+01
1.034139700930679417e+01,9.350645183546269834e+01
1.709491814046151958e+01,3.421889246599128143e+01
1.118771779916069242e+01,7.989452034374426148e+01
1.749180086732269146e+01,3.268368008765377652e+01
2.354879037683331333e+01,1.803278448974594994e+01
1.187307300528956411e+01,7.093714795735968437e+01
3.126934774018247154e+01,1.022733203084325204e+01
1.056811129625320156e+01,8.953755755717398301e+01
1.012830964837487535e+01,9.748236551316168175e+01
4.087743717624730522e+01,5.984566270033697677e+00
3.312434474093976178e+01,9.113924114638393803e+00
2.173826890994875427e+01,2.116167724732822819e+01
1.953904277325371908e+01,2.619349394637240280e+01
1.448738741823707521e+01,4.764527652389724466e+01
1.107892978691694807e+01,8.147125005287624333e+01
1.284736726875786594e+01,6.058592194168143408e+01
1.182739281585706692e+01,7.148615821616415644e+01
2.014256148316595585e+01,2.464737110279149590e+01
1.170202981401248721e+01,7.302601457516965411e+01
1.184679903261927336e+01,7.125214738654499058e+01
2.401538247680654692e+01,1.733887774790564862e+01
5.239245197871500892e+01,3.643028358907351993e+00
1.541445783040020601e+01,4.208656605381085569e+01
1.431692304072666211e+01,4.878660746505421741e+01
1.428394708579144101e+01,4.901212524133550374e+01
1.564532900333185239e+01,4.085362511954740228e+01
1.062225917864051006e+01,8.862703337969526274e+01
2.626114458263832319e+01,1.450015679823087567e+01
1.185892507658324746e+01,7.110650772155462107e+01
1.433448833873807793e+01,4.866711575662480982e+01
3.572553456200975575e+01,7.835063638209692094e+00
1.143969439741126948e+01,7.641368688313865221e+01
2.022194378482635813e+01,2.445424182012673953e+01
1.930566158500411689e+01,2.683061465566346016e+01
2.079998735968852586e+01,2.311393341844657812e+01
1.029282411511120543e+01,9.439106731852693599e+01
2.101181290783463496e+01,2.265024738619987943e+01
1.429944243334450249e+01,4.890596048273629748e+01
1.146407601517947228e+01,7.608900164749209694e+01
1.063678128729763905e+01,8.838519841368626828e+01
1.328541097188148612e+01,5.665653534954018511e+01
1.119435582336038593e+01,7.979979680146658438e+01
1.608320296833091589e+01,3.865938265189199541e+01
2.738173483737225666e+01,1.333761199117062191e+01
1.011915232320720115e+01,9.765887864486830949e+01
5.429421929241502198e+01,3.392288769545218408e+00
3.158751628012528201e+01,1.002233793966885322e+01
5.743311207437022148e+01,3.031623750256441596e+00
2.193299949039425201e+01,2.078758044711288022e+01
1.404862722910419315e+01,5.066782036044865833e+01
3.027205999731469532e+01,1.091229376872468926e+01
1.045674126072183441e+01,9.145496247217656105e+01
1.363504601064261301e+01,5.378817193514270656e+01
1.127196439692666985e+01,7.870472091795376457e+01
1.138805093633518517e+01,7.710831236619466722e+01
1.298541885431899168e+01,5.930455816405194724e+01
2.218247638364771035e+01,2.032263159190181057e+01
2.681783904247130579e+01,1.390440599532989019e+01
1.353681605466502091e+01,5.457163238947976680e+01
1.416888954128103251e+01,4.981135671295449185e+01
1.575712264021236919e+01,4.027598491993110486e+01
4.894303423675282261e+01,4.174632212291979450e+00
1.924005284211969879e+01,2.701391189198897180e+01
2.710475483891360682e+01,1.361159545364533230e+01
1.008823408505852726e+01,9.825840228897911288e+01
1.932557205174397907e+01,2.677535783115844481e+01
3.623760787445745990e+01,7.615193753918941155e+00
1.642573551861802983e+01,3.706383455627221224e+01
1.063129556946819854e+01,8.847643496107463079e+01
2.103361626679651053e+01,2.260331342050557168e+01
1.126773109372394543e+01,7.876387098688003618e+01
1.479838712832707515e+01,4.566371399128684061e+01
1.144681200084573014e+01,7.631868869015316648e+01
1.176994964399024823e+01,7.218563653298735971e+01
1.959992548513947241e+01,2.603101841942309136e+01
2.366220460276606019e+01,1.786033454156177669e+01
1.722750513027579089e+01,3.369420580096464590e+01
3.326004611046124637e+01,9.039705999724562346e+00
1.178081123633353045e+01,7.205259144732194443e+01
1.806449310666802788e+01,3.064421076218156514e+01
2.185897237638814516e+01,2.092861638143834568e+01
1.009425346964254899e+01,9.814125073020051104e+01
1.206423064360829933e+01,6.870696061819560896e+01
1.120031486391274278e+01,7.971490566583257475e+01
1.264391621433673585e+01,6.255136356931115671e+01
1.806644239662310980e+01,3.063759836685037996e+01
1.139078463637147820e+01,7.707130601256066882e+01
1.129518804126378839e+01,7.838140954133011462e+01
1.072884262680972256e+01,8.687488645773746043e+01
1.571135643595032150e+01,4.051096954887858459e+01
1.249348844995248520e+01,6.406673041016699699e+01
1.093206773330038395e+01,8.367493281205393885e+01
5.611536025103538350e+01,3.175678211135793738e+00
1.068904084888350248e+01,8.752306671695680507e+01
1.391858139055026378e+01,5.161905543783428385e+01
1.436530495352404557e+01,4.845853722420270060e+01
1.310676570434809207e+01,5.821151842544723110e+01
1.157076365931321682e+01,7.469232086024639727e+01
2.980965117622839244e+01,1.125346363431293817e+01
1.206696534119488362e+01,6.867582247147755936e+01
1.086541532662170795e+01,8.470466643400695261e+01
1.305685068420063644e+01,5.865744266071782675e+01
5.005704627082242553e+01,3.990888193469446232e+00
1.019606103014633902e+01,9.619115673304040115e+01
1.006759008779569164e+01,9.866178102715363707e+01
1.039139486267179180e+01,9.260881011711481392e+01
1.116127341628378389e+01,8.027355669334291122e+01
1.127119709204480102e+01,7.871543718379207633e+01
1.387762449447749091e+01,5.192419066239227021e+01
2.481960004110788631e+01,1.623343560399527874e+01
1.413615884364053166e+01,5.004228902384598854e+01
3.393989237733399733e+01,8.681186338806474723e+00
3.688964160267288150e+01,7.348371907090252897e+00
1.258526026883208893e+01,6.313578683023605009e+01
1.126791797676375850e+01,7.876125834635456613e+01
1.082207620065622500e+01,8.538445778131396935e+01
1.802390586905335113e+01,3.078237884419693771e+01
1.136327200109662705e+01,7.744496629623057515e+01
2.348407980155936770e+01,1.813230038184081394e+01
1.819258758787044528e+01,3.021419661494878284e+01
1.080202700811558891e+01,8.570170900020025329e+01
1.079546445867186577e+01,8.580593659552171459e+01
3.853821447966074487e+01,6.733127232160015296e+00
1.131404788811976303e+01,7.812031301639335368e+01
1.085523327448728459e+01,8.486364446769718484e+01
4.310568586711529804e+01,5.381841219953671818e+00
2.891744046559223946e+01,1.195859890370584822e+01
1.490297897910340374e+01,4.502501044632832361e+01
5.910595937108256237e+01,2.862447026133705830e+00
1.133610761494128738e+01,7.781656925085223975e+01
2.094140248472818300e+01,2.280281544760603296e+01
1.018348469697652270e+01,9.642889048814546982e+01
1.165019307877845911e+01,7.367730879202738947e+01
4.700227485913841008e+01,4.526497077913371747e+00
1.528372643222843585e+01,4.280963144597929215e+01
1.218255298725045499e+01,6.737881706238884760e+01
2.133053780897293805e+01,2.197841598484265546e+01
2.332752758622283551e+01,1.837649059455387146e+01
1.199983956826188347e+01,6.944630133050307563e+01
1.543271745178921250e+01,4.198703333862572862e+01
3.438727783996387899e+01,8.456767771370067521e+00
1.151099459999342400e+01,7.546999124909649481e+01
1.465161018433754769e+01,4.658319681524832134e+01
2.046470666401790695e+01,2.387750540716914927e+01
1.071987048691709887e+01,8.702036952537555692e+01
1.526670031001777872e+01,4.290517120810974205e+01
2.618190810079225628e+01,1.458805566143527344e+01
2.188792416359302706e+01,2.087328723199771474e+01
1.505245113303344695e+01,4.413524564162118224e+01
1.430119498656032739e+01,4.889397476452554514e+01
1.671855609041909574e+01,3.577688020938928304e+01
1.338809801666857169e+01,5.579075434213665829e+01
2.138982915123573036e+01,2.185673911907840505e+01
1.072827021224241228e+01,8.688415724905917159e+01
2.533435647723323925e+01,1.558045892204368776e+01
5.380086954968431456e+01,3.454788060960324980e+00
1.109888349877971869e+01,8.117857330959817830e+01
1.115312453052404251e+01,8.039090121158973545e+01
1.433448686485421497e+01,4.866712576461196704e+01
1.031485292806641141e+01,9.398832714604392891e+01
1.669651335740133291e+01,3.587140782361456814e+01
1.200598333223579672e+01,6.937524467388969640e+01
2.011875991925113283e+01,2.470572390363026827e+01
4.133647047951187403e+01,5.852389424401126305e+00
1.599955921209911480e+01,3.906465237361628340e+01
4.265153086973673879e+01,5.497063484943039313e+00
1.075206420789638528e+01,8.650003867236944188e+01
1.142400277634358829e+01,7.662374952628320557e+01
1.073625290921909503e+01,8.675500379837504283e+01
1.132744143477687082e+01,7.793568359466935647e+01
1.158177955290195627e+01,7.455030272659372770e+01
3.443550782366763485e+01,8.433095453541234576e+00
1.075568150717226601e+01,8.644186589900976969e+01
1.162056513283232562e+01,7.405348500755485475e+01
1.615161446695965708e+01,3.833258618360732584e+01
2.126179069814176614e+01,2.212077420396340699e+01
1.573129398412488378e+01,4.040834892751594509e+01
1.220729987676263839e+01,6.710591051500098558e+01
1.019137753305956373e+01,9.627958727506114656e+01
2.003417536873008942e+01,2.491478007201452272e+01
1.046389603094325338e+01,9.132993914713738093e+01
1.110584005046904466e+01,8.107690678617836966e+01
1.091910776490726853e+01,8.387367946124078344e+01
1.229346557974514909e+01,6.616850780950953492e+01
3.127364429579118266e+01,1.022452204286366317e+01
3.992708957550834725e+01,6.272846955455099405e+00
2.570754098069754079e+01,1.513139353273968091e+01
9.996186825922201535e+01,1.000763071246340452e+00
5.686115032047980833e+01,3.092920216276224377e+00
3.450379497102072435e+01,8.399748271153793411e+00
1.679434053590857090e+01,3.545472244643313786e+01
3.677776787322498109e+01,7.393145702204884095e+00
1.031332194738679142e+01,9.401623376896074546e+01
2.866371941998810513e+01,1.217124240424978687e+01
1.339024298729027329e+01,5.577288163523141407e+01
4.802820241413845537e+01,4.335182006276968814e+00
8.101479861310055242e+01,1.523601131318353286e+00
2.064471462572251426e+01,2.346292930732355231e+01
2.577799755489327893e+01,1.504879214331345416e+01
1.384813677515549379e+01,5.214555706671895763e+01
1.032249456404955801e+01,9.384922148100447714e+01
1.166311112732929445e+01,7.351418937155099798e+01
1.400127154949054820e+01,5.101114157231144475e+01
6.048465943541307155e+01,2.733439844409373265e+00
1.598822965043491884e+01,3.912003589134427273e+01
2.776151875718104023e+01,1.297518494818704404e+01
4.014517490310787196e+01,6.204878634468281362e+00
2.397490802032895374e+01,1.739747017514838845e+01
1.785627332165307379e+01,3.136305430997946431e+01
1.219817932237803504e+01,6.720629794199398077e+01
1.312709744182141058e+01,5.803133773289768982e+01
5.084190479756836112e+01,3.868622682533524593e+00
1.951738155793225715e+01,2.625166750448851616e+01
1.835230090158099969e+01,2.969059886690081740e+01
1.123226377350786365e+01,7.926207045527718265e+01
1.071313197698421327e+01,8.712987476496518013e+01
2.070910156906720800e+01,2.331725830209451900e+01
1.025011301639536754e+01,9.517934071482480363e+01
1.848291987579976237e+01,2.927243419244710410e+01
1.353985497298045892e+01,5.454713875599900774e+01
2.533828775031370739e+01,1.557562463428516608e+01
1.182728892657283559e+01,7.148741407090363964e+01
1.144342592568338191e+01,7.636386031110737349e+01
1.495155572418694057e+01,4.473291837205537291e+01
1.101848779839214387e+01,8.236752376094690931e+01
3.709273763271775692e+01,7.268122269272261349e+00
1.083294147093330295e+01,8.521326513399276337e+01
2.202649199873090424e+01,2.061148718318452211e+01
1.570243580338339839e+01,4.055701159365229103e+01
5.495930785948510078e+01,3.310682175165569952e+00
3.416935409212693742e+01,8.564982132195462228e+00
1.134482580447471278e+01,7.769701537884598963e+01
2.470862589951546440e+01,1.637958190276045656e+01
1.311756652093432329e+01,5.811569682800733005e+01
1.369973925781411594e+01,5.328137171076743783e+01
6.185983529996846642e+01,2.613259159371115192e+00
1.174481417526274285e+01,7.249494093452750576e+01
1.654453194730286114e+01,3.653347886548928614e+01
1.453000581840177219e+01,4.736618682088325727e+01
1.154089611534721271e+01,7.507942475237649660e+01
2.111610348751371902e+01,2.242706472717293664e+01
1.346430132894809084e+01,5.516102847261268494e+01
1.122970050187712232e+01,7.929825902579082708e+01
2.236027017161014641e+01,2.000073274094854270e+01
1.634180245167776135e+01,3.744553910920451756e+01
1.154325194738351001e+01,7.504878235351411320e+01
1.041911354955524693e+01,9.211671834335166409e+01
1.114489917210675429e+01,8.050960807063076174e+01
5.821523847782417249e+01,2.950710745505345400e+00
1.236627804888934890e+01,6.539160329981481823e+01
1.089773047767289960e+01,8.420306002939247492e+01
1.102581536006270468e+01,8.225808014431608228e+01
2.543239754628856630e+01,1.546056613042634531e+01
1.225883962155646500e+01,6.654283096084978411e+01
3.445902943264635354e+01,8.421586581869425103e+00
1.142194004785670280e+01,7.665142753229999073e+01
1.208621910700649060e+01,6.845719082471413230e+01
1.129811497116589969e+01,7.834080326759982427e+01
1.629884898511362579e+01,3.764316473262100260e+01
1.054671278726339878e+01,8.990125645572970825e+01
1.109129868373758576e+01,8.128963965339303854e+01
1.177127279855004005e+01,7.216940933518297641e+01
2.066280459548359261e+01,2.342186441869861468e+01
2.353754479112183873e+01,1.805001973402718107e+01
1.034444227240358494e+01,9.345140588401000059e+01
3.612317606562315575e+01,7.663517336920311784e+00
1.095090502434361213e+01,8.338731212786592550e+01
3.065397314358300918e+01,1.064207841989439451e+01
1.078806474744994226e+01,8.592368837480957211e+01
2.720316119970961566e+01,1.351329475778912759e+01
1.213231694903248759e+01,6.793796048443628877e+01
1.266264896505694004e+01,6.236642716758413485e+01
1.193077133300303849e+01,7.025268963701859093e+01
2.571229429737748262e+01,1.512579950396293427e+01
1.255540111273603898e+01,6.343644197600871593e+01
1.644891729837129546e+01,3.695943860287463423e+01
3.211209511297859365e+01,9.697565397418452804e+00
3.063087225981674422e+01,1.065813634456786119e+01
1.649628971913899278e+01,3.674747044086087300e+01
1.612280887403879248e+01,3.846968131104902255e+01
1.122441190760266139e+01,7.937300238351139114e+01
1.814423097667091156e+01,3.037546033647435451e+01
1.182072471425615490e+01,7.156683202000095889e+01
2.217715693343189898e+01,2.033238200242402627e+01
1.742037148614263486e+01,3.295225774876517733e+01
1.585415183335113554e+01,3.978450636907555094e+01
1.329139230541569816e+01,5.660555417675909951e+01
1.066491266524191772e+01,8.791953718395723172e+01
4.928954010655424867e+01,4.116143129707929837e+00
1.118678078569542400e+01,7.990790495868529320e+01
1.172703003698714141e+01,7.271498601611627066e+01
1.357232045806964393e+01,5.428649337887960513e+01
1.220376835313577857e+01,6.714475431981921361e+01
1.104261417742200102e+01,8.200799671904142940e+01
1.101030227242273440e+01,8.249004031145256022e+01
1.011036566335343423e+01,9.782869806610040087e+01
4.000152412065948226e+01,6.249523739514525111e+00
1.383943238460092928e+01,5.221117219049043712e+01
1.187887374228930959e+01,7.086788427494239784e+01
1.011156724659644723e+01,9.780544898174522928e+01
1.577406861826545992e+01,4.018949495189193044e+01
1.207448551974754025e+01,6.859030435669984627e+01
1.133744189217732057e+01,7.779825422560489301e+01
2.231112609474030961e+01,2.008893985924693482e+01
1.032339451503507455e+01,9.383285941757377202e+01
1.161041008061110347e+01,7.418308351066673367e+01
1.325263899530364320e+01,5.693708964386273408e+01
1.065705616350104279e+01,8.804921551106578193e+01
1.240444933171840525e+01,6.498977314751823542e+01
1.256464906028971207e+01,6.334309420524392920e+01
1.658036191534626624e+01,3.637575263161648564e+01
1.152771442811857838e+01,7.525122625482941885e+01
4.286525156840226458e+01,5.442384815690427757e+00
6.252123641788002573e+01,2.558261198919199675e+00
1.647972835615356502e+01,3.682136656160628263e+01
2.725259512851149424e+01,1.346431524696573589e+01
5.757568317545749892e+01,3.016628294879038830e+00
1.028116988026602030e+01,9.460518286441795510e+01
1.601480484105296398e+01,3.899031094756388427e+01
4.394994068127084574e+01,5.177062565299046959e+00
1.075932689823518906e+01,8.638330070695077723e+01
2.317478984657316943e+01,1.861951613809863204e+01
1.412277413909784407e+01,5.013718803519113720e+01
1.355770016237877051e+01,5.440363898924591268e+01
1.371156976671959171e+01,5.318946774670509114e+01
2.231807442046455137e+01,2.007643315580803645e+01
1.145399078789398395e+01,7.622305321539671752e+01
1.796387157501575871e+01,3.098846875423135572e+01
1.080149422621123634e+01,8.571016365376299007e+01
1.808122418186964708e+01,3.058752506693282314e+01
1.092860803365188715e+01,8.372791960727843730e+01
2.149711113535175500e+01,2.163913003282624459e+01
2.349389511069710679e+01,1.811715287601781554e+01
1.984064384767131628e+01,2.540320292074843778e+01
